ATAT 0.206621 -0.039643 -0.003589 -0.005672 -0.001763 -0.032011 0.128964 0.122765 -0.273547 0.097107 -0.066646 0.150744 -0.020768 0.037719 0.008766 -0.025611 -0.068017 0.035240 0.234428 0.080425 0.062104 0.003516 0.042867 0.096541 0.082637 -0.133327 0.002966 0.008728 -0.002758 -0.012194
ATAT -0.039643 0.388762 0.027924 0.022167 0.004672 0.014513 -0.077636 -0.125971 -0.019994 0.003911 -0.005136 -0.000570 0.012221 0.007244 -0.018865 0.044395 0.009885 -0.061958 -0.007486 -0.294054 0.240533 -0.022557 0.028353 -0.035464 0.133327 0.246138 0.027678 -0.017879 0.006403 0.013918
ATAT -0.003589 0.027924 0.073752 0.016523 0.001330 0.004444 0.083217 0.041231 0.002925 0.004563 0.006568 0.060070 0.005568 0.020585 -0.032003 -0.026046 -0.059782 -0.006377 0.150086 0.034744 -0.020874 0.018460 0.006189 0.074740 -0.002966 0.027678 0.028975 -0.009213 0.002795 -0.006245
ATAT -0.005672 0.022167 0.016523 0.018595 0.002784 0.007702 -0.068675 -0.049457 0.016886 -0.012894 -0.009135 -0.033237 0.001216 -0.023388 0.001329 -0.007313 0.023562 -0.012246 -0.057642 -0.057676 0.037156 -0.018989 0.000920 -0.036574 0.008726 0.017871 0.009212 -0.011704 0.003936 0.005868
ATAT -0.001763 0.004672 0.001330 0.002784 0.005362 0.000443 0.001828 -0.001928 0.017276 -0.006068 0.003132 0.000974 -0.001645 0.002418 -0.006352 0.000632 -0.004304 -0.002534 -0.006054 0.001019 0.015332 -0.006396 0.001069 -0.002021 0.002763 0.006408 0.002794 -0.003936 0.003293 0.000484
ATAT -0.032011 0.014513 0.004444 0.007702 0.000443 0.082388 -0.106540 -0.087030 0.058965 -0.023707 0.007208 -0.076409 0.018126 -0.058938 0.024934 -0.017874 0.037383 -0.027189 -0.093706 -0.032186 0.080262 -0.028226 0.012166 -0.060015 0.012500 0.013472 -0.006230 -0.005838 0.000474 0.041482
ATAT 0.128964 -0.077636 0.083217 -0.068675 0.001828 -0.106540 3.752701 1.427518 -1.023577 0.580980 0.161886 1.928080 -0.058332 0.769515 -0.478816 -0.116241 -1.476584 0.127269 2.970507 1.599465 -0.445451 0.324543 0.298221 1.670663 -0.234428 -0.007486 0.150086 0.057668 -0.006130 -0.094584
ATAT 0.122765 -0.125971 0.041231 -0.049457 -0.001928 -0.087030 1.427518 2.507815 0.118068 0.116600 0.270244 1.001300 0.031222 0.457172 -0.430382 0.293309 -0.839043 0.088631 1.599465 0.704033 -0.348108 0.150598 0.162370 0.917701 -0.080425 -0.294054 0.034744 0.057702 0.001013 -0.032720
ATAT -0.273547 -0.019994 0.002925 0.016886 0.017276 0.058965 -1.023577 0.118068 2.757255 -0.645928 0.413647 -0.784530 0.072326 -0.102615 -0.101728 0.198252 0.145039 -0.096251 -0.445451 -0.348108 -0.094117 -0.106526 -0.012868 -0.270566 -0.062104 0.240533 -0.020874 -0.037164 0.015371 0.080028
ATAT 0.097107 0.003911 0.004563 -0.012894 -0.006068 -0.023707 0.580980 0.116600 -0.645928 0.366053 -0.180109 0.409227 -0.052692 0.060821 0.054479 -0.165612 -0.105485 0.039259 0.324543 0.150598 -0.106526 0.041636 0.029403 0.177361 -0.003516 -0.022557 0.018460 0.018994 -0.006414 -0.028117
ATAT -0.066646 -0.005136 0.006568 -0.009135 0.003132 0.007208 0.161886 0.270244 0.413647 -0.180109 0.223251 0.020536 0.035194 0.090450 -0.131623 0.137377 -0.198987 -0.012492 0.298221 0.162370 -0.012868 0.029403 0.041111 0.172678 -0.042867 0.028353 0.006189 -0.000917 0.001071 0.011894
ATAT 0.150744 -0.000570 0.060070 -0.033237 0.000974 -0.076409 1.928080 1.001300 -0.784530 0.409227 0.020536 1.249715 -0.069046 0.448439 -0.274254 -0.096681 -0.839741 0.079121 1.670663 0.917701 -0.270566 0.177361 0.172678 0.968529 -0.096541 -0.035464 0.074740 0.036588 -0.002048 -0.060386
ATAT -0.020768 0.012221 0.005568 0.001216 -0.001645 0.018126 -0.058332 0.031222 0.072326 -0.052692 0.035194 -0.069046 0.064237 0.000000 -0.000000 0.071384 -0.000000 0.000001 0.058332 -0.031222 -0.072326 0.052692 -0.035194 0.069046 -0.020768 -0.012221 -0.005568 0.001217 0.001642 -0.018152
ATAT 0.037719 0.007244 0.020585 -0.023388 0.002418 -0.058938 0.769515 0.457172 -0.102615 0.060821 0.090450 0.448439 0.000000 0.351200 -0.208932 0.000000 -0.407267 0.028551 0.769515 0.457172 -0.102615 0.060821 0.090450 0.448439 -0.037719 0.007244 0.020585 0.023392 0.002416 -0.058981
ATAT 0.008766 -0.018865 -0.032003 0.001329 -0.006352 0.024934 -0.478816 -0.430382 -0.101728 0.054479 -0.131623 -0.274254 -0.000000 -0.208932 0.249140 -0.000000 0.328621 0.000804 -0.478816 -0.430382 -0.101728 0.054479 -0.131623 -0.274254 -0.008766 -0.018865 -0.032003 -0.001331 -0.006350 0.025004
ATAT -0.025611 0.044395 -0.026046 -0.007313 0.000632 -0.017874 -0.116241 0.293309 0.198252 -0.165612 0.137377 -0.096681 0.071384 0.000000 -0.000000 0.370312 -0.000000 0.000000 0.116241 -0.293308 -0.198252 0.165612 -0.137377 0.096682 -0.025611 -0.044396 0.026046 -0.007309 -0.000624 0.017623
ATAT -0.068017 0.009885 -0.059782 0.023562 -0.004304 0.037383 -1.476584 -0.839043 0.145039 -0.105485 -0.198987 -0.839741 -0.000000 -0.407267 0.328621 -0.000000 0.795342 -0.039264 -1.476584 -0.839043 0.145039 -0.105485 -0.198987 -0.839741 0.068017 0.009885 -0.059782 -0.023573 -0.004282 0.037730
ATAT 0.035240 -0.061958 -0.006377 -0.012246 -0.002534 -0.027189 0.127269 0.088631 -0.096251 0.039259 -0.012492 0.079121 0.000001 0.028551 0.000804 0.000000 -0.039264 0.039789 0.127277 0.088635 -0.096247 0.039260 -0.012495 0.079125 -0.035240 -0.061959 -0.006378 0.012250 -0.002531 -0.027279
ATAT 0.234428 -0.007486 0.150086 -0.057642 -0.006054 -0.093706 2.970507 1.599465 -0.445451 0.324543 0.298221 1.670663 0.058332 0.769515 -0.478816 0.116241 -1.476584 0.127277 3.752701 1.427518 -1.023577 0.580980 0.161886 1.928080 -0.128964 -0.077636 0.083217 0.068697 0.001782 -0.106985
ATAT 0.080425 -0.294054 0.034744 -0.057676 0.001019 -0.032186 1.599465 0.704033 -0.348108 0.150598 0.162370 0.917701 -0.031222 0.457172 -0.430382 -0.293308 -0.839043 0.088635 1.427518 2.507815 0.118068 0.116600 0.270244 1.001300 -0.122765 -0.125971 0.041231 0.049470 -0.001947 -0.087461
ATAT 0.062104 0.240533 -0.020874 0.037156 0.015332 0.080262 -0.445451 -0.348108 -0.094117 -0.106526 -0.012868 -0.270566 -0.072326 -0.102615 -0.101728 -0.198252 0.145039 -0.096247 -1.023577 0.118068 2.757255 -0.645928 0.413647 -0.784530 0.273547 -0.019994 0.002925 -0.016895 0.017281 0.060078
ATAT 0.003516 -0.022557 0.018460 -0.018989 -0.006396 -0.028226 0.324543 0.150598 -0.106526 0.041636 0.029403 0.177361 0.052692 0.060821 0.054479 0.165612 -0.105485 0.039260 0.580980 0.116600 -0.645928 0.366053 -0.180109 0.409227 -0.097107 0.003911 0.004563 0.012898 -0.006072 -0.024059
ATAT 0.042867 0.028353 0.006189 0.000920 0.001069 0.012166 0.298221 0.162370 -0.012868 0.029403 0.041111 0.172678 -0.035194 0.090450 -0.131623 -0.137377 -0.198987 -0.012495 0.161886 0.270244 0.413647 -0.180109 0.223251 0.020536 0.066646 -0.005136 0.006568 0.009135 0.003122 0.007439
ATAT 0.096541 -0.035464 0.074740 -0.036574 -0.002021 -0.060015 1.670663 0.917701 -0.270566 0.177361 0.172678 0.968529 0.069046 0.448439 -0.274254 0.096682 -0.839741 0.079125 1.928080 1.001300 -0.784530 0.409227 0.020536 1.249715 -0.150744 -0.000570 0.060070 0.033250 0.000942 -0.077032
ATAT 0.082637 0.133327 -0.002966 0.008726 0.002763 0.012500 -0.234428 -0.080425 -0.062104 -0.003516 -0.042867 -0.096541 -0.020768 -0.037719 -0.008766 -0.025611 0.068017 -0.035240 -0.128964 -0.122765 0.273547 -0.097107 0.066646 -0.150744 0.206621 0.039643 0.003589 -0.005680 0.001768 0.032632
ATAT -0.133327 0.246138 0.027678 0.017871 0.006408 0.013472 -0.007486 -0.294054 0.240533 -0.022557 0.028353 -0.035464 -0.012221 0.007244 -0.018865 -0.044396 0.009885 -0.061959 -0.077636 -0.125971 -0.019994 0.003911 -0.005136 -0.000570 0.039643 0.388762 0.027924 -0.022178 0.004659 0.014534
ATAT 0.002966 0.027678 0.028975 0.009212 0.002794 -0.006230 0.150086 0.034744 -0.020874 0.018460 0.006189 0.074740 -0.005568 0.020585 -0.032003 0.026046 -0.059782 -0.006378 0.083217 0.041231 0.002925 0.004563 0.006568 0.060070 0.003589 0.027924 0.073752 -0.016523 0.001330 0.004358
ATAT 0.008728 -0.017879 -0.009213 -0.011704 -0.003936 -0.005838 0.057668 0.057702 -0.037164 0.018994 -0.000917 0.036588 0.001217 0.023392 -0.001331 -0.007309 -0.023573 0.012250 0.068697 0.049470 -0.016895 0.012898 0.009135 0.033250 -0.005680 -0.022178 -0.016523 0.018599 -0.002786 -0.007685
ATAT -0.002758 0.006403 0.002795 0.003936 0.003293 0.000474 -0.006130 0.001013 0.015371 -0.006414 0.001071 -0.002048 0.001642 0.002416 -0.006350 -0.000624 -0.004282 -0.002531 0.001782 -0.001947 0.017281 -0.006072 0.003122 0.000942 0.001768 0.004659 0.001330 -0.002786 0.005366 0.000444
ATAT -0.012194 0.013918 -0.006245 0.005868 0.000484 0.041482 -0.094584 -0.032720 0.080028 -0.028117 0.011894 -0.060386 -0.018152 -0.058981 0.025004 0.017623 0.037730 -0.027279 -0.106985 -0.087461 0.060078 -0.024059 0.007439 -0.077032 0.032632 0.014534 0.004358 -0.007685 0.000444 0.082405
TTAA 0.492869 0.098576 0.112715 -0.027447 -0.024770 -0.185190 -0.232127 -0.221430 -0.229196 0.145518 -0.087590 0.121933 -0.074905 0.145059 0.060975 -0.112694 0.042303 0.103005 0.179694 0.065094 0.254216 -0.056125 0.099761 0.000600 0.090018 -0.247015 0.019201 -0.004386 0.011453 -0.004260
TTAA 0.098576 0.636054 0.079399 0.019066 -0.041048 -0.016978 -0.279528 -0.494386 -0.189605 0.179132 -0.086856 0.181555 -0.070880 -0.086469 -0.025489 -0.326783 -0.085017 -0.040133 0.544027 0.384649 0.250143 -0.126630 0.140138 -0.055571 0.247015 -0.244829 -0.115523 -0.025194 0.008173 0.122648
TTAA 0.112715 0.079399 0.181574 0.006764 -0.011942 -0.047444 -0.057432 -0.127500 -0.053311 0.050653 -0.015370 0.044700 -0.027332 0.106975 0.019383 -0.114790 -0.001041 0.025689 0.191281 0.125992 0.122622 0.006674 0.036606 -0.015510 -0.019201 -0.115523 0.045207 -0.006490 0.003159 -0.000119
TTAA -0.027447 0.019066 0.006764 0.063447 -0.006571 0.025875 0.002965 -0.018397 0.019402 -0.014280 0.010212 0.003609 0.009272 -0.019666 -0.034063 0.010611 -0.018847 -0.008380 0.012000 -0.048237 -0.015078 0.011995 0.002062 0.026150 -0.004372 0.025214 0.006497 -0.031216 -0.007016 0.019120
TTAA -0.024770 -0.041048 -0.011942 -0.006571 0.024718 0.001524 0.049552 0.058980 0.030458 -0.010016 0.012922 -0.013503 0.007527 0.009445 0.002749 0.015315 -0.007599 -0.004321 -0.011831 0.009080 -0.020317 0.006964 -0.005669 -0.000919 -0.011461 0.008167 0.003180 0.007028 0.012517 -0.018093
TTAA -0.185190 -0.016978 -0.047444 0.025875 0.001524 0.267912 0.355329 0.105446 0.041948 -0.034404 0.106632 0.045165 0.047591 -0.088856 -0.053755 0.018144 -0.170783 -0.069966 0.247768 0.091563 -0.112106 0.007088 0.068662 0.093093 0.004466 0.122804 0.000171 -0.019130 -0.018055 0.124601
TTAA -0.232127 -0.279528 -0.057432 0.002965 0.049552 0.355329 4.913535 2.240183 0.118732 0.071432 0.974317 0.719572 0.086697 0.701947 -0.259522 0.365019 -1.534551 -0.205590 3.064664 0.956688 0.188122 0.193989 0.801165 0.837527 -0.179694 0.544027 0.191281 -0.012046 -0.011897 0.248555
TTAA -0.221430 -0.494386 -0.127500 -0.018397 0.058980 0.105446 2.240183 2.773224 0.474296 -0.159760 0.506294 0.012616 0.152804 0.346066 -0.139190 0.575211 -0.578218 -0.100023 0.956688 0.208556 -0.186906 0.278098 0.192867 0.427328 -0.065094 0.384649 0.125992 0.048207 0.009072 0.092118
TTAA -0.229196 -0.189605 -0.053311 0.019402 0.030458 0.041948 0.118732 0.474296 2.876515 -0.351672 0.342430 -0.391249 0.110320 0.219844 0.046100 0.320277 -0.189969 -0.056987 0.188122 -0.186906 0.317095 0.298144 -0.019806 0.155367 -0.254216 0.250143 0.122622 0.015077 -0.020352 -0.112189
TTAA 0.145518 0.179132 0.050653 -0.014280 -0.010016 -0.034404 0.071432 -0.159760 -0.351672 0.329562 -0.124779 0.203939 -0.070728 0.028044 0.079371 -0.230636 0.002338 0.017764 0.193989 0.278098 0.298144 -0.095332 0.074033 -0.083184 0.056125 -0.126630 0.006674 -0.011991 0.006935 0.007144
TTAA -0.087590 -0.086856 -0.015370 0.010212 0.012922 0.106632 0.974317 0.506294 0.342430 -0.124779 0.360278 0.128410 0.035348 0.183422 -0.109527 0.141048 -0.425072 -0.048644 0.801165 0.192867 -0.019806 0.074033 0.214472 0.256113 -0.099761 0.140138 0.036606 -0.002073 -0.005666 0.068790
TTAA 0.121933 0.181555 0.044700 0.003609 -0.013503 0.045165 0.719572 0.012616 -0.391249 0.203939 0.128410 0.403947 -0.073979 0.099563 -0.043604 -0.177651 -0.321017 -0.006015 0.837527 0.427328 0.155367 -0.083184 0.256113 0.134613 -0.000600 -0.055571 -0.015510 -0.026153 -0.000923 0.093257
TTAA -0.074905 -0.070880 -0.027332 0.009272 0.007527 0.047591 0.086697 0.152804 0.110320 -0.070728 0.035348 -0.073979 0.083161 -0.000000 0.000000 0.102148 0.000001 -0.000053 -0.086697 -0.152804 -0.110320 0.070728 -0.035348 0.073979 -0.074905 0.070880 0.027332 0.009268 -0.007519 -0.047691
TTAA 0.145059 -0.086469 0.106975 -0.019666 0.009445 -0.088856 0.701947 0.346066 0.219844 0.028044 0.183422 0.099563 -0.000000 0.499640 -0.026036 -0.000000 -0.246069 0.011155 0.701947 0.346066 0.219844 0.028044 0.183422 0.099563 -0.145059 -0.086469 0.106975 0.019647 0.009430 -0.089010
TTAA 0.060975 -0.025489 0.019383 -0.034063 0.002749 -0.053755 -0.259522 -0.139190 0.046100 0.079371 -0.109527 -0.043604 0.000000 -0.026036 0.144610 0.000000 0.151843 0.041483 -0.259522 -0.139190 0.046100 0.079371 -0.109527 -0.043604 -0.060975 -0.025489 0.019383 0.034059 0.002731 -0.053824
TTAA -0.112694 -0.326783 -0.114790 0.010611 0.015315 0.018144 0.365019 0.575211 0.320277 -0.230636 0.141048 -0.177651 0.102148 -0.000000 0.000000 0.475513 0.000001 -0.000048 -0.365022 -0.575215 -0.320278 0.230637 -0.141049 0.177651 -0.112695 0.326783 0.114790 0.010587 -0.015320 -0.017841
TTAA 0.042303 -0.085017 -0.001041 -0.018847 -0.007599 -0.170783 -1.534551 -0.578218 -0.189969 0.002338 -0.425072 -0.321017 0.000001 -0.246069 0.151843 0.000001 0.696173 0.107734 -1.534555 -0.578223 -0.189966 0.002338 -0.425072 -0.321016 -0.042303 -0.085017 -0.001042 0.018853 -0.007601 -0.171035
TTAA 0.103005 -0.040133 0.025689 -0.008380 -0.004321 -0.069966 -0.205590 -0.100023 -0.056987 0.017764 -0.048644 -0.006015 -0.000053 0.011155 0.041483 -0.000048 0.107734 0.081565 -0.205400 -0.099724 -0.056909 0.017699 -0.048621 -0.006082 -0.103019 -0.040177 0.025682 0.008364 -0.004296 -0.070009
TTAA 0.179694 0.544027 0.191281 0.012000 -0.011831 0.247768 3.064664 0.956688 0.188122 0.193989 0.801165 0.837527 -0.086697 0.701947 -0.259522 -0.365022 -1.534555 -0.205400 4.913535 2.240183 0.118732 0.071432 0.974317 0.719572 0.232127 -0.279528 -0.057432 -0.002970 0.049597 0.355447
TTAA 0.065094 0.384649 0.125992 -0.048237 0.009080 0.091563 0.956688 0.208556 -0.186906 0.278098 0.192867 0.427328 -0.152804 0.346066 -0.139190 -0.575215 -0.578223 -0.099724 2.240183 2.773224 0.474296 -0.159760 0.506294 0.012616 0.221430 -0.494386 -0.127500 0.018414 0.058990 0.105167
TTAA 0.254216 0.250143 0.122622 -0.015078 -0.020317 -0.112106 0.188122 -0.186906 0.317095 0.298144 -0.019806 0.155367 -0.110320 0.219844 0.046100 -0.320278 -0.189966 -0.056909 0.118732 0.474296 2.876515 -0.351672 0.342430 -0.391249 0.229196 -0.189605 -0.053311 -0.019389 0.030304 0.042070
TTAA -0.056125 -0.126630 0.006674 0.011995 0.006964 0.007088 0.193989 0.278098 0.298144 -0.095332 0.074033 -0.083184 0.070728 0.028044 0.079371 0.230637 0.002338 0.017699 0.071432 -0.159760 -0.351672 0.329562 -0.124779 0.203939 -0.145518 0.179132 0.050653 0.014277 -0.010004 -0.034575
TTAA 0.099761 0.140138 0.036606 0.002062 -0.005669 0.068662 0.801165 0.192867 -0.019806 0.074033 0.214472 0.256113 -0.035348 0.183422 -0.109527 -0.141049 -0.425072 -0.048621 0.974317 0.506294 0.342430 -0.124779 0.360278 0.128410 0.087590 -0.086856 -0.015370 -0.010214 0.012923 0.106787
TTAA 0.000600 -0.055571 -0.015510 0.026150 -0.000919 0.093093 0.837527 0.427328 0.155367 -0.083184 0.256113 0.134613 0.073979 0.099563 -0.043604 0.177651 -0.321016 -0.006082 0.719572 0.012616 -0.391249 0.203939 0.128410 0.403947 -0.121933 0.181555 0.044700 -0.003621 -0.013473 0.045253
TTAA 0.090018 0.247015 -0.019201 -0.004372 -0.011461 0.004466 -0.179694 -0.065094 -0.254216 0.056125 -0.099761 -0.000600 -0.074905 -0.145059 -0.060975 -0.112695 -0.042303 -0.103019 0.232127 0.221430 0.229196 -0.145518 0.087590 -0.121933 0.492869 -0.098576 -0.112715 -0.027436 0.024763 0.185643
TTAA -0.247015 -0.244829 -0.115523 0.025214 0.008167 0.122804 0.544027 0.384649 0.250143 -0.126630 0.140138 -0.055571 0.070880 -0.086469 -0.025489 0.326783 -0.085017 -0.040177 -0.279528 -0.494386 -0.189605 0.179132 -0.086856 0.181555 -0.098576 0.636054 0.079399 -0.019075 -0.041102 -0.016623
TTAA 0.019201 -0.115523 0.045207 0.006497 0.003180 0.000171 0.191281 0.125992 0.122622 0.006674 0.036606 -0.015510 0.027332 0.106975 0.019383 0.114790 -0.001042 0.025682 -0.057432 -0.127500 -0.053311 0.050653 -0.015370 0.044700 -0.112715 0.079399 0.181574 -0.006775 -0.011974 -0.047445
TTAA -0.004386 -0.025194 -0.006490 -0.031216 0.007028 -0.019130 -0.012046 0.048207 0.015077 -0.011991 -0.002073 -0.026153 0.009268 0.019647 0.034059 0.010587 0.018853 0.008364 -0.002970 0.018414 -0.019389 0.014277 -0.010214 -0.003621 -0.027436 -0.019075 -0.006775 0.063428 0.006569 -0.025858
TTAA 0.011453 0.008173 0.003159 -0.007016 0.012517 -0.018055 -0.011897 0.009072 -0.020352 0.006935 -0.005666 -0.000923 -0.007519 0.009430 0.002731 -0.015320 -0.007601 -0.004296 0.049597 0.058990 0.030304 -0.010004 0.012923 -0.013473 0.024763 -0.041102 -0.011974 0.006569 0.024750 0.001467
TTAA -0.004260 0.122648 -0.000119 0.019120 -0.018093 0.124601 0.248555 0.092118 -0.112189 0.007144 0.068790 0.093257 -0.047691 -0.089010 -0.053824 -0.017841 -0.171035 -0.070009 0.355447 0.105167 0.042070 -0.034575 0.106787 0.045253 0.185643 -0.016623 -0.047445 -0.025858 0.001467 0.268455
CTAG 0.440056 0.191410 0.000245 0.063470 -0.002730 -0.126921 -0.277645 -0.319328 -0.226979 0.085177 -0.070211 0.038476 -0.036889 0.110132 0.010775 -0.054329 0.013866 0.060364 0.303428 0.032824 -0.052085 0.043828 0.086399 0.137758 0.154702 -0.197463 -0.027116 -0.004927 -0.004354 0.013612
CTAG 0.191410 0.804226 0.094620 0.088669 -0.021840 -0.079063 -0.146474 -0.574996 -0.458700 0.301945 -0.116124 0.257755 -0.095068 0.169117 -0.053762 -0.462568 -0.142515 -0.015133 0.944287 0.504645 0.133549 -0.181501 0.249857 0.022647 0.197463 -0.302690 -0.053681 0.075265 -0.000733 0.042449
CTAG 0.000245 0.094620 0.151640 0.018404 -0.003213 -0.028603 -0.087292 -0.058624 -0.042774 0.036792 -0.035108 0.035405 -0.031064 0.050354 -0.044972 -0.172031 0.003607 -0.008350 0.113513 0.103302 -0.009231 -0.071544 0.038442 -0.063424 0.027116 -0.053681 0.014052 -0.024867 0.002180 -0.011591
CTAG 0.063470 0.088669 0.018404 0.115475 0.001357 -0.030902 -0.088519 -0.141408 -0.168048 0.039919 -0.023406 0.027513 -0.007586 0.055900 -0.045556 -0.024821 -0.003182 0.005585 0.120032 0.044887 0.008183 0.000631 0.029535 0.036659 -0.004896 -0.075288 0.024854 -0.014937 0.004671 -0.002639
CTAG -0.002730 -0.021840 -0.003213 0.001357 0.027434 -0.000505 0.061626 0.028795 -0.009273 -0.002035 0.018402 0.006378 -0.005298 0.001673 -0.007287 0.015443 -0.011043 -0.003430 -0.004763 0.021426 0.005527 0.007723 -0.004208 -0.001572 0.004372 -0.000746 0.002185 -0.004663 0.005863 -0.000019
CTAG -0.126921 -0.079063 -0.028603 -0.030902 -0.000505 0.172907 0.076052 0.095816 0.156709 -0.060680 0.036873 -0.040362 0.056606 -0.122135 0.017438 0.042975 -0.032629 -0.026138 -0.058185 -0.012991 0.046740 0.008094 -0.009873 0.013018 -0.012844 0.042034 -0.011768 0.002796 -0.000034 0.060624
CTAG -0.277645 -0.146474 -0.087292 -0.088519 0.061626 0.076052 4.042755 1.562079 -0.735216 0.114738 0.729975 0.703138 0.058902 0.801410 -0.354500 0.378156 -0.991944 -0.039726 1.642912 0.200257 -0.390605 0.173390 0.433116 0.539669 -0.303428 0.944287 0.113513 -0.120025 -0.004941 -0.059156
CTAG -0.319328 -0.574996 -0.058624 -0.141408 0.028795 0.095816 1.562079 2.667562 0.985505 -0.359591 0.456546 -0.182942 0.221785 0.151168 -0.186701 0.613003 -0.381442 -0.034910 0.200257 -0.359854 -0.296170 0.227820 0.067373 0.281906 -0.032824 0.504645 0.103302 -0.044838 0.021329 -0.014399
CTAG -0.226979 -0.458700 -0.042774 -0.168048 -0.009273 0.156709 -0.735216 0.985505 3.033864 -0.720063 0.288576 -0.708709 0.187525 -0.323101 -0.072487 0.387908 -0.060330 -0.024756 -0.390605 -0.296170 -0.144167 0.049253 -0.047076 0.099392 0.052085 0.133549 -0.009231 -0.008116 0.005585 0.045275
CTAG 0.085177 0.301945 0.036792 0.039919 -0.002035 -0.060680 0.114738 -0.359591 -0.720063 0.549113 -0.205452 0.402484 -0.157550 0.086165 0.095463 -0.460736 0.039778 0.018472 0.173390 0.227820 0.049253 -0.165723 0.075449 -0.172100 -0.043828 -0.181501 -0.071544 -0.000623 0.007695 0.007573
CTAG -0.070211 -0.116124 -0.035108 -0.023406 0.018402 0.036873 0.729975 0.456546 0.288576 -0.205452 0.344425 0.045248 0.049398 0.171425 -0.161315 0.236770 -0.316242 -0.000899 0.433116 0.067373 -0.047076 0.075449 0.141489 0.207869 -0.086399 0.249857 0.038442 -0.029532 -0.004191 -0.010193
CTAG 0.038476 0.257755 0.035405 0.027513 0.006378 -0.040362 0.703138 -0.182942 -0.708709 0.402484 0.045248 0.601319 -0.198228 0.208318 -0.050003 -0.372232 -0.214370 0.017247 0.539669 0.281906 0.099392 -0.172100 0.207869 -0.092430 -0.137758 0.022647 -0.063424 -0.036658 -0.001577 0.012320
CTAG -0.036889 -0.095068 -0.031064 -0.007586 -0.005298 0.056606 0.058902 0.221785 0.187525 -0.157550 0.049398 -0.198228 0.178231 0.000000 -0.000000 0.222299 -0.000009 -0.000268 -0.058902 -0.221785 -0.187525 0.157550 -0.049398 0.198228 -0.036889 0.095068 0.031064 -0.007583 0.005290 -0.056597
CTAG 0.110132 0.169117 0.050354 0.055900 0.001673 -0.122135 0.801410 0.151168 -0.323101 0.086165 0.171425 0.208318 0.000000 0.559389 -0.172191 0.000023 -0.256463 0.032422 0.801410 0.151168 -0.323101 0.086165 0.171425 0.208318 -0.110132 0.169117 0.050354 -0.055913 0.001636 -0.122337
CTAG 0.010775 -0.053762 -0.044972 -0.045556 -0.007287 0.017438 -0.354500 -0.186701 -0.072487 0.095463 -0.161315 -0.050003 -0.000000 -0.172191 0.211667 -0.000009 0.192873 0.010739 -0.354500 -0.186701 -0.072487 0.095463 -0.161315 -0.050003 -0.010775 -0.053762 -0.044972 0.045571 -0.007305 0.017328
CTAG -0.054329 -0.462568 -0.172031 -0.024821 0.015443 0.042975 0.378156 0.613003 0.387908 -0.460736 0.236770 -0.372232 0.222299 0.000023 -0.000009 0.852820 -0.000018 -0.000389 -0.378116 -0.613018 -0.387938 0.460743 -0.236764 0.372251 -0.054348 0.462584 0.172036 -0.024826 -0.015482 -0.042559
CTAG 0.013866 -0.142515 0.003607 -0.003182 -0.011043 -0.032629 -0.991944 -0.381442 -0.060330 0.039778 -0.316242 -0.214370 -0.000009 -0.256463 0.192873 -0.000018 0.469925 0.018407 -0.991912 -0.381414 -0.060318 0.039766 -0.316232 -0.214384 -0.013853 -0.142538 0.003597 0.003199 -0.011070 -0.032318
CTAG 0.060364 -0.015133 -0.008350 0.005585 -0.003430 -0.026138 -0.039726 -0.034910 -0.024756 0.018472 -0.000899 0.017247 -0.000268 0.032422 0.010739 -0.000389 0.018407 0.040761 -0.038817 -0.034122 -0.024419 0.018108 -0.000629 0.016861 -0.059997 -0.015769 -0.008617 -0.005325 -0.003417 -0.026006
CTAG 0.303428 0.944287 0.113513 0.120032 -0.004763 -0.058185 1.642912 0.200257 -0.390605 0.173390 0.433116 0.539669 -0.058902 0.801410 -0.354500 -0.378116 -0.991912 -0.038817 4.042755 1.562079 -0.735216 0.114738 0.729975 0.703138 0.277645 -0.146474 -0.087292 0.088461 0.061701 0.075836
CTAG 0.032824 0.504645 0.103302 0.044887 0.021426 -0.012991 0.200257 -0.359854 -0.296170 0.227820 0.067373 0.281906 -0.221785 0.151168 -0.186701 -0.613018 -0.381414 -0.034122 1.562079 2.667562 0.985505 -0.359591 0.456546 -0.182942 0.319328 -0.574996 -0.058624 0.141377 0.028810 0.096930
CTAG -0.052085 0.133549 -0.009231 0.008183 0.005527 0.046740 -0.390605 -0.296170 -0.144167 0.049253 -0.047076 0.099392 -0.187525 -0.323101 -0.072487 -0.387938 -0.060318 -0.024419 -0.735216 0.985505 3.033864 -0.720063 0.288576 -0.708709 0.226979 -0.458700 -0.042774 0.168030 -0.009264 0.157983
CTAG 0.043828 -0.181501 -0.071544 0.000631 0.007723 0.008094 0.173390 0.227820 0.049253 -0.165723 0.075449 -0.172100 0.157550 0.086165 0.095463 0.460743 0.039766 0.018108 0.114738 -0.359591 -0.720063 0.549113 -0.205452 0.402484 -0.085177 0.301945 0.036792 -0.039917 -0.002090 -0.060591
CTAG 0.086399 0.249857 0.038442 0.029535 -0.004208 -0.009873 0.433116 0.067373 -0.047076 0.075449 0.141489 0.207869 -0.049398 0.171425 -0.161315 -0.236764 -0.316232 -0.000629 0.729975 0.456546 0.288576 -0.205452 0.344425 0.045248 0.070211 -0.116124 -0.035108 0.023397 0.018425 0.036638
CTAG 0.137758 0.022647 -0.063424 0.036659 -0.001572 0.013018 0.539669 0.281906 0.099392 -0.172100 0.207869 -0.092430 0.198228 0.208318 -0.050003 0.372251 -0.214384 0.016861 0.703138 -0.182942 -0.708709 0.402484 0.045248 0.601319 -0.038476 0.257755 0.035405 -0.027527 0.006382 -0.040227
CTAG 0.154702 0.197463 0.027116 -0.004896 0.004372 -0.012844 -0.303428 -0.032824 0.052085 -0.043828 -0.086399 -0.137758 -0.036889 -0.110132 -0.010775 -0.054348 -0.013853 -0.059997 0.277645 0.319328 0.226979 -0.085177 0.070211 -0.038476 0.440056 -0.191410 -0.000245 0.063438 0.002730 0.128225
CTAG -0.197463 -0.302690 -0.053681 -0.075288 -0.000746 0.042034 0.944287 0.504645 0.133549 -0.181501 0.249857 0.022647 0.095068 0.169117 -0.053762 0.462584 -0.142538 -0.015769 -0.146474 -0.574996 -0.458700 0.301945 -0.116124 0.257755 -0.191410 0.804226 0.094620 -0.088667 -0.021879 -0.079062
CTAG -0.027116 -0.053681 0.014052 0.024854 0.002185 -0.011768 0.113513 0.103302 -0.009231 -0.071544 0.038442 -0.063424 0.031064 0.050354 -0.044972 0.172036 0.003597 -0.008617 -0.087292 -0.058624 -0.042774 0.036792 -0.035108 0.035405 -0.000245 0.094620 0.151640 -0.018406 -0.003237 -0.028219
CTAG -0.004927 0.075265 -0.024867 -0.014937 -0.004663 0.002796 -0.120025 -0.044838 -0.008116 -0.000623 -0.029532 -0.036658 -0.007583 -0.055913 0.045571 -0.024826 0.003199 -0.005325 0.088461 0.141377 0.168030 -0.039917 0.023397 -0.027527 0.063438 -0.088667 -0.018406 0.115509 -0.001380 0.030764
CTAG -0.004354 -0.000733 0.002180 0.004671 0.005863 -0.000034 -0.004941 0.021329 0.005585 0.007695 -0.004191 -0.001577 0.005290 0.001636 -0.007305 -0.015482 -0.011070 -0.003417 0.061701 0.028810 -0.009264 -0.002090 0.018425 0.006382 0.002730 -0.021879 -0.003237 -0.001380 0.027479 -0.000685
CTAG 0.013612 0.042449 -0.011591 -0.002639 -0.000019 0.060624 -0.059156 -0.014399 0.045275 0.007573 -0.010193 0.012320 -0.056597 -0.122337 0.017328 -0.042559 -0.032318 -0.026006 0.075836 0.096930 0.157983 -0.060591 0.036638 -0.040227 0.128225 -0.079062 -0.028219 0.030764 -0.000685 0.173026
GTAC 0.250938 -0.030978 0.004548 0.007583 -0.007328 -0.038527 -0.458987 -0.281311 0.023989 -0.027803 -0.095970 -0.098248 0.023794 -0.026582 0.067013 0.033399 0.138925 0.051304 -0.173679 -0.141409 -0.033220 0.059587 -0.052628 0.037532 0.061768 -0.148387 0.006982 0.008101 -0.002435 -0.017393
GTAC -0.030978 0.549581 0.035824 0.025158 -0.025225 0.053066 0.679315 0.060066 -0.191088 0.075679 0.208517 0.291821 -0.002375 0.111779 -0.166740 -0.043119 -0.387477 -0.053312 0.961302 0.380081 -0.089472 0.042178 0.238961 0.280339 0.148387 0.290928 0.029718 -0.005590 -0.017057 0.045557
GTAC 0.004548 0.035824 0.098746 0.012622 -0.004568 -0.019515 0.099249 0.043858 -0.028270 0.001468 0.040649 0.046055 -0.009530 0.068002 -0.044097 -0.038463 -0.050614 -0.002189 0.133864 0.011926 0.006444 -0.011764 0.048765 0.028859 -0.006982 0.029718 0.050397 -0.009939 -0.006858 -0.011992
GTAC 0.007583 0.025158 0.012622 0.033041 -0.000607 -0.011265 0.036363 0.002796 -0.021464 -0.006021 0.023300 0.021874 -0.000432 0.029595 -0.033974 -0.003047 -0.037298 -0.002814 0.076308 0.036983 0.008510 -0.006110 0.032135 0.026494 0.008103 0.005580 0.009941 -0.001102 0.000599 -0.005520
GTAC -0.007328 -0.025225 -0.004568 -0.000607 0.018786 -0.024166 0.058324 0.106186 0.055772 -0.011428 0.027287 0.000585 -0.005511 0.018743 -0.013004 0.001054 -0.030200 -0.006173 0.046800 0.064443 0.056574 -0.012894 0.019411 -0.011676 0.002421 -0.017029 -0.006863 -0.000589 0.012141 -0.020722
GTAC -0.038527 0.053066 -0.019515 -0.011265 -0.024166 0.185487 0.092585 -0.056981 -0.116552 0.047507 -0.026759 0.026140 0.041535 -0.074845 0.034073 -0.029595 -0.018673 -0.006942 0.128122 0.062540 -0.219669 0.031775 -0.000347 0.081928 0.017695 0.045240 -0.011919 0.005553 -0.020793 0.080241
GTAC -0.458987 0.679315 0.099249 0.036363 0.058324 0.092585 7.032195 4.047964 -0.573594 0.081258 1.609216 1.508187 -0.002615 0.931323 -0.981798 0.053972 -2.601469 -0.237975 5.665196 3.020037 0.162931 -0.121393 1.611100 1.307872 0.173679 0.961302 0.133864 -0.076336 0.046767 0.128583
GTAC -0.281311 0.060066 0.043858 0.002796 0.106186 -0.056981 4.047964 4.851606 0.377045 -0.147955 1.119002 0.716411 0.024690 0.570691 -0.650573 0.269580 -1.569133 -0.153562 3.020037 1.534990 0.687512 -0.140122 0.957969 0.625668 0.141409 0.380081 0.011926 -0.036979 0.064431 0.062627
GTAC 0.023989 -0.191088 -0.028270 -0.021464 0.055772 -0.116552 -0.573594 0.377045 3.012197 -0.546451 0.279627 -0.511112 0.114530 0.181100 -0.137020 0.158561 -0.216736 -0.039362 0.162931 0.687512 0.841973 -0.012664 0.175447 0.052723 0.033220 -0.089472 0.006444 -0.008484 0.056589 -0.219193
GTAC -0.027803 0.075679 0.001468 -0.006021 -0.011428 0.047507 0.081258 -0.147955 -0.546451 0.350499 -0.159034 0.190755 -0.052242 -0.087529 0.131797 -0.169755 0.103552 0.012190 -0.121393 -0.140122 -0.012664 -0.004740 -0.060825 -0.050283 -0.059587 0.042178 -0.011764 0.006107 -0.012917 0.031496
GTAC -0.095970 0.208517 0.040649 0.023300 0.027287 -0.026759 1.609216 1.119002 0.279627 -0.159034 0.611943 0.376415 -0.002917 0.335036 -0.375333 0.081525 -0.816628 -0.069395 1.611100 0.957969 0.175447 -0.060825 0.519603 0.384763 0.052628 0.238961 0.048765 -0.032130 0.019416 -0.000256
GTAC -0.098248 0.291821 0.046055 0.021874 0.000585 0.026140 1.508187 0.716411 -0.511112 0.190755 0.376415 0.636620 -0.094232 0.198081 -0.217229 -0.094682 -0.613682 -0.039658 1.307872 0.625668 0.052723 -0.050283 0.384763 0.296730 -0.037532 0.280339 0.028859 -0.026491 -0.011698 0.081594
GTAC 0.023794 -0.002375 -0.009530 -0.000432 -0.005511 0.041535 -0.002615 0.024690 0.114530 -0.052242 -0.002917 -0.094232 0.088493 0.000000 0.000000 0.057692 0.000028 -0.000154 0.002615 -0.024690 -0.114530 0.052242 0.002917 0.094232 0.023794 0.002375 0.009530 -0.000438 0.005508 -0.041367
GTAC -0.026582 0.111779 0.068002 0.029595 0.018743 -0.074845 0.931323 0.570691 0.181100 -0.087529 0.335036 0.198081 0.000000 0.340078 -0.276691 -0.000080 -0.459880 -0.042750 0.931323 0.570691 0.181100 -0.087529 0.335036 0.198081 0.026582 0.111779 0.068002 -0.029598 0.018751 -0.074599
GTAC 0.067013 -0.166740 -0.044097 -0.033974 -0.013004 0.034073 -0.981798 -0.650573 -0.137020 0.131797 -0.375333 -0.217229 0.000000 -0.276691 0.340508 0.000042 0.518701 0.053508 -0.981798 -0.650573 -0.137020 0.131797 -0.375333 -0.217229 -0.067013 -0.166740 -0.044097 0.033983 -0.013018 0.033698
GTAC 0.033399 -0.043119 -0.038463 -0.003047 0.001054 -0.029595 0.053972 0.269580 0.158561 -0.169755 0.081525 -0.094682 0.057692 -0.000080 0.000042 0.297774 -0.000228 0.000020 -0.054530 -0.269834 -0.158560 0.169829 -0.081719 0.094678 0.033377 0.043178 0.038401 -0.003071 -0.001095 0.029559
GTAC 0.138925 -0.387477 -0.050614 -0.037298 -0.030200 -0.018673 -2.601469 -1.569133 -0.216736 0.103552 -0.816628 -0.613682 0.000028 -0.459880 0.518701 -0.000228 1.245607 0.115978 -2.601341 -1.567337 -0.215644 0.103646 -0.816577 -0.613626 -0.139564 -0.387369 -0.050911 0.037582 -0.030224 -0.019289
GTAC 0.051304 -0.053312 -0.002189 -0.002814 -0.006173 -0.006942 -0.237975 -0.153562 -0.039362 0.012190 -0.069395 -0.039658 -0.000154 -0.042750 0.053508 0.000020 0.115978 0.044149 -0.238733 -0.155817 -0.038873 0.011838 -0.069424 -0.040133 -0.051506 -0.053013 -0.002197 0.002764 -0.006223 -0.006950
GTAC -0.173679 0.961302 0.133864 0.076308 0.046800 0.128122 5.665196 3.020037 0.162931 -0.121393 1.611100 1.307872 0.002615 0.931323 -0.981798 -0.054530 -2.601341 -0.238733 7.032195 4.047964 -0.573594 0.081258 1.609216 1.508187 0.458987 0.679315 0.099249 -0.036394 0.058285 0.094413
GTAC -0.141409 0.380081 0.011926 0.036983 0.064443 0.062540 3.020037 1.534990 0.687512 -0.140122 0.957969 0.625668 -0.024690 0.570691 -0.650573 -0.269834 -1.567337 -0.155817 4.047964 4.851606 0.377045 -0.147955 1.119002 0.716411 0.281311 0.060066 0.043858 -0.002793 0.106146 -0.055104
GTAC -0.033220 -0.089472 0.006444 0.008510 0.056574 -0.219669 0.162931 0.687512 0.841973 -0.012664 0.175447 0.052723 -0.114530 0.181100 -0.137020 -0.158560 -0.215644 -0.038873 -0.573594 0.377045 3.012197 -0.546451 0.279627 -0.511112 -0.023989 -0.191088 -0.028270 0.021509 0.055747 -0.116785
GTAC 0.059587 0.042178 -0.011764 -0.006110 -0.012894 0.031775 -0.121393 -0.140122 -0.012664 -0.004740 -0.060825 -0.050283 0.052242 -0.087529 0.131797 0.169829 0.103646 0.011838 0.081258 -0.147955 -0.546451 0.350499 -0.159034 0.190755 0.027803 0.075679 0.001468 0.006019 -0.011453 0.047482
GTAC -0.052628 0.238961 0.048765 0.032135 0.019411 -0.000347 1.611100 0.957969 0.175447 -0.060825 0.519603 0.384763 0.002917 0.335036 -0.375333 -0.081719 -0.816577 -0.069424 1.609216 1.119002 0.279627 -0.159034 0.611943 0.376415 0.095970 0.208517 0.040649 -0.023308 0.027287 -0.026385
GTAC 0.037532 0.280339 0.028859 0.026494 -0.011676 0.081928 1.307872 0.625668 0.052723 -0.050283 0.384763 0.296730 0.094232 0.198081 -0.217229 0.094678 -0.613626 -0.040133 1.508187 0.716411 -0.511112 0.190755 0.376415 0.636620 0.098248 0.291821 0.046055 -0.021894 0.000566 0.026572
GTAC 0.061768 0.148387 -0.006982 0.008103 0.002421 0.017695 0.173679 0.141409 0.033220 -0.059587 0.052628 -0.037532 0.023794 0.026582 -0.067013 0.033377 -0.139564 -0.051506 0.458987 0.281311 -0.023989 0.027803 0.095970 0.098248 0.250938 0.030978 -0.004548 0.007564 0.007308 0.039400
GTAC -0.148387 0.290928 0.029718 0.005580 -0.017029 0.045240 0.961302 0.380081 -0.089472 0.042178 0.238961 0.280339 0.002375 0.111779 -0.166740 0.043178 -0.387369 -0.053013 0.679315 0.060066 -0.191088 0.075679 0.208517 0.291821 0.030978 0.549581 0.035824 -0.025180 -0.025241 0.053066
GTAC 0.006982 0.029718 0.050397 0.009941 -0.006863 -0.011919 0.133864 0.011926 0.006444 -0.011764 0.048765 0.028859 0.009530 0.068002 -0.044097 0.038401 -0.050911 -0.002197 0.099249 0.043858 -0.028270 0.001468 0.040649 0.046055 -0.004548 0.035824 0.098746 -0.012625 -0.004565 -0.019563
GTAC 0.008101 -0.005590 -0.009939 -0.001102 -0.000589 0.005553 -0.076336 -0.036979 -0.008484 0.006107 -0.032130 -0.026491 -0.000438 -0.029598 0.033983 -0.003071 0.037582 0.002764 -0.036394 -0.002793 0.021509 0.006019 -0.023308 -0.021894 0.007564 -0.025180 -0.012625 0.033046 0.000602 0.011247
GTAC -0.002435 -0.017057 -0.006858 0.000599 0.012141 -0.020793 0.046767 0.064431 0.056589 -0.012917 0.019416 -0.011698 0.005508 0.018751 -0.013018 -0.001095 -0.030224 -0.006223 0.058285 0.106146 0.055747 -0.011453 0.027287 0.000566 0.007308 -0.025241 -0.004565 0.000602 0.018785 -0.024080
GTAC -0.017393 0.045557 -0.011992 -0.005520 -0.020722 0.080241 0.128583 0.062627 -0.219193 0.031496 -0.000256 0.081594 -0.041367 -0.074599 0.033698 0.029559 -0.019289 -0.006950 0.094413 -0.055104 -0.116785 0.047482 -0.026385 0.026572 0.039400 0.053066 -0.019563 0.011247 -0.024080 0.184930
ATAC 0.168364 0.046790 0.028706 0.002763 0.006062 -0.028643 0.033939 0.110465 -0.104552 -0.025664 0.040540 0.057930 -0.016752 0.022318 -0.038659 0.012967 -0.068426 0.012880 0.312943 0.109838 -0.165277 0.088602 0.017081 0.159727 0.121359 -0.065724 0.005450 0.007907 -0.002186 0.026592
ATAC 0.046790 0.257634 -0.012301 -0.000071 -0.002535 -0.022672 0.034933 0.104866 -0.379641 0.017503 0.076522 0.168308 -0.021171 -0.011571 -0.061135 0.029327 -0.110215 -0.021487 0.354477 0.104232 -0.238110 0.119542 -0.013173 0.205815 0.115516 0.005624 0.012801 -0.001198 -0.003658 0.004382
ATAC 0.028706 -0.012301 0.094102 0.014555 0.000289 0.004798 -0.077324 0.012397 0.007838 -0.009704 -0.012216 0.014662 -0.002457 0.010160 -0.006733 -0.055694 0.004124 0.004967 0.049401 -0.007267 -0.034386 0.030352 -0.005344 0.027237 0.011904 -0.027738 0.004341 0.001743 0.001338 0.001696
ATAC 0.002763 -0.000071 0.014555 0.021459 -0.000349 0.001931 -0.004278 0.013519 -0.006926 -0.008779 0.007528 0.007780 0.004677 0.004609 -0.016241 -0.006308 -0.013371 0.000758 0.015684 -0.003474 -0.016548 0.004510 0.003506 0.021968 0.001202 -0.002352 -0.001298 -0.002641 0.000512 0.000040
ATAC 0.006062 -0.002535 0.000289 -0.000349 0.010841 -0.006360 -0.026555 0.022923 0.022677 -0.008846 -0.000411 -0.009004 -0.002669 -0.003615 -0.005947 -0.000621 0.004786 0.001658 0.000930 0.011016 -0.005160 0.002185 -0.002245 -0.002853 0.009821 -0.002492 -0.005884 0.001489 0.005905 0.000362
ATAC -0.028643 -0.022672 0.004798 0.001931 -0.006360 0.053279 -0.000150 -0.019594 -0.012019 0.019889 -0.018711 -0.010749 0.023158 -0.022706 0.024673 -0.018913 0.010373 -0.014943 -0.053350 -0.040848 0.023499 -0.009669 0.005501 -0.014745 -0.009369 -0.010319 -0.007421 -0.000578 -0.001755 0.012919
ATAC 0.033939 0.034933 -0.077324 -0.004278 -0.026555 -0.000150 2.667448 -0.214169 -0.687193 0.339894 0.083401 0.606764 -0.017164 0.088811 0.027569 -0.089467 -0.501628 0.055360 0.775896 0.364495 0.521128 -0.190919 0.343121 0.271840 -0.347217 0.213641 0.116506 -0.009088 -0.003740 -0.019976
ATAC 0.110465 0.104866 0.012397 0.013519 0.022923 -0.019594 -0.214169 2.226812 0.624134 -0.304884 0.240829 0.097196 0.057803 -0.006423 -0.288068 0.327914 -0.210062 -0.068985 0.820210 0.370346 -0.756305 0.388157 -0.092123 0.463149 0.435621 -0.153129 -0.021519 0.013125 -0.006425 0.079794
ATAC -0.104552 -0.379641 0.007838 -0.006926 0.022677 -0.012019 -0.687193 0.624134 5.241060 -0.534946 0.161790 -0.867596 0.081391 0.309744 -0.085302 0.135446 -0.201080 -0.018210 -0.009587 0.027254 0.907486 -0.248016 0.196648 -0.242868 -0.068167 0.029309 0.088265 0.019216 0.002812 -0.038025
ATAC -0.025664 0.017503 -0.009704 -0.008779 -0.008846 0.019889 0.339894 -0.304884 -0.534946 0.274477 -0.137101 0.146537 -0.003351 -0.061132 0.150127 -0.089207 0.073630 0.022656 -0.136179 -0.127657 0.050327 -0.022080 -0.016179 -0.049263 -0.123019 0.054376 0.017469 -0.006823 0.003659 -0.021658
ATAC 0.040540 0.076522 -0.012216 0.007528 -0.000411 -0.018711 0.083401 0.240829 0.161790 -0.137101 0.227156 0.066444 -0.022224 0.064127 -0.143905 0.057331 -0.210148 -0.019877 0.403555 0.205945 0.001927 0.029540 0.080760 0.167122 0.078236 -0.021581 -0.001516 0.007371 -0.005156 0.031094
ATAC 0.057930 0.168308 0.014662 0.007780 -0.009004 -0.010749 0.606764 0.097196 -0.867596 0.146537 0.066444 0.524824 -0.091525 -0.010300 -0.062916 -0.083758 -0.217694 0.002512 0.579315 0.345016 -0.216366 0.119836 0.038571 0.309936 -0.021593 0.016432 0.000131 -0.001397 0.000711 0.023880
ATAC -0.016752 -0.021171 -0.002457 0.004677 -0.002669 0.023158 -0.017164 0.057803 0.081391 -0.003351 -0.022224 -0.091525 0.075348 -0.000638 0.027050 0.047265 0.042419 -0.000449 -0.102596 -0.168843 -0.033973 0.004539 -0.010017 -0.001612 -0.016661 0.014230 0.002270 -0.004941 -0.001236 -0.021701
ATAC 0.022318 -0.011571 0.010160 0.004609 -0.003615 -0.022706 0.088811 -0.006423 0.309744 -0.061132 0.064127 -0.010300 -0.000638 0.125114 -0.074293 -0.007904 -0.094077 0.000869 0.133084 0.090024 0.061034 -0.049453 0.068458 0.036203 -0.008195 0.014379 0.023503 -0.003977 -0.003339 -0.021858
ATAC -0.038659 -0.061135 -0.006733 -0.016241 -0.005947 0.024673 0.027569 -0.288068 -0.085302 0.150127 -0.143905 -0.062916 0.027050 -0.074293 0.197978 -0.008775 0.157009 0.022286 -0.313716 -0.322890 0.079116 0.000112 -0.068991 -0.138157 -0.133209 0.029769 0.004963 -0.004149 -0.002314 -0.011451
ATAC 0.012967 0.029327 -0.055694 -0.006308 -0.000621 -0.018913 -0.089467 0.327914 0.135446 -0.089207 0.057331 -0.083758 0.047265 -0.007904 -0.008775 0.229197 0.026181 -0.014758 0.010269 -0.151313 -0.259720 0.124291 -0.091656 0.075812 0.064506 0.000389 0.033572 -0.006548 -0.011264 0.019940
ATAC -0.068426 -0.110215 0.004124 -0.013371 0.004786 0.010373 -0.501628 -0.210062 -0.201080 0.073630 -0.210148 -0.217694 0.042419 -0.094077 0.157009 0.026181 0.363687 0.019540 -0.703798 -0.398721 -0.119977 0.001672 -0.167576 -0.271015 -0.064574 -0.006972 -0.017314 -0.008379 0.002036 -0.031451
ATAC 0.012880 -0.021487 0.004967 0.000758 0.001658 -0.014943 0.055360 -0.068985 -0.018210 0.022656 -0.019877 0.002512 -0.000449 0.000869 0.022286 -0.014758 0.019540 0.030843 -0.036829 -0.017263 0.024309 -0.012440 0.003989 -0.024727 -0.061100 -0.004001 0.007367 -0.003356 0.003628 -0.025419
