ATAT 0.361394 0.039983 0.066556 0.043801 0.014444 -0.062365 -0.151401 -0.206738 -0.114844 0.012335 -0.006301 0.108494 -0.044951 -0.031087 0.031980 -0.046961 -0.051480 0.059110 0.201978 0.027386 0.240937 0.021410 0.071620 0.124705 0.085226 -0.073263 -0.014936 -0.011081 0.004854 0.024446
ATAT 0.039983 0.199536 0.002002 0.016267 -0.001166 -0.020242 -0.058517 -0.074590 -0.060990 -0.008298 0.004497 0.033499 -0.015500 -0.003340 -0.043270 -0.035477 -0.040937 -0.004009 0.128367 0.038389 0.040941 -0.003774 0.038710 0.030791 0.073263 0.006006 -0.019040 -0.003682 0.001255 0.000615
ATAT 0.066556 0.002002 0.147853 0.011576 0.023061 -0.009493 -0.070781 0.016466 -0.026730 -0.005751 0.007996 -0.000932 -0.000566 0.011697 0.004789 -0.043345 0.008531 0.013416 0.086420 0.002126 0.114287 0.059661 -0.006211 0.006791 0.014936 -0.019040 0.028894 0.013646 0.006311 -0.001673
ATAT 0.043801 0.016267 0.011576 0.138352 0.015533 0.002045 -0.005320 -0.066282 -0.123700 -0.002509 0.004647 0.052862 -0.003214 -0.008269 -0.062463 -0.016227 -0.048186 0.000204 0.089080 -0.045245 -0.001806 -0.021006 0.026556 0.053285 -0.011081 0.003682 -0.013646 -0.036081 0.012703 0.010124
ATAT 0.014444 -0.001166 0.023061 0.015533 0.022470 0.002547 0.000200 -0.005353 -0.004023 -0.001212 0.010773 0.010535 -0.003231 0.000437 -0.008205 -0.005963 -0.009108 0.000570 0.007665 -0.008887 -0.007908 0.008952 -0.004690 0.007724 -0.004854 0.001255 0.006311 -0.012703 0.006337 0.004208
ATAT -0.062365 -0.020242 -0.009493 0.002045 0.002547 0.070070 0.064638 0.027376 -0.008129 0.007067 0.009310 0.008707 0.036242 -0.018878 0.004625 0.005856 -0.020215 -0.021310 0.008700 -0.022902 -0.035990 0.012541 -0.000107 0.029080 -0.024446 0.000615 -0.001673 -0.010124 0.004208 0.013367
ATAT -0.151401 -0.058517 -0.070781 -0.005320 0.000200 0.064638 2.445744 0.699021 0.110728 0.021724 0.268682 0.432713 0.028191 0.043481 -0.191422 0.064543 -0.589677 -0.038019 0.842486 0.130994 0.194845 -0.177824 0.315411 0.335710 -0.201978 0.128367 0.086420 -0.089080 0.007665 0.008700
ATAT -0.206738 -0.074590 0.016466 -0.066282 -0.005353 0.027376 0.699021 1.577542 0.678877 -0.104485 0.166224 -0.054763 0.116862 0.113211 -0.149552 0.175183 -0.125497 -0.022952 0.130994 0.045915 0.041871 0.018492 0.050258 0.094883 -0.027386 0.038389 0.002126 0.045245 -0.008887 -0.022902
ATAT -0.114844 -0.060990 -0.026730 -0.123700 -0.004023 -0.008129 0.110728 0.678877 2.506420 -0.215739 0.368697 -0.073264 0.052028 0.129009 -0.013104 0.169144 -0.268211 0.008168 0.194845 0.041871 0.320485 -0.053399 0.151592 0.163120 -0.240937 0.040941 0.114287 0.001806 -0.007908 -0.035990
ATAT 0.012335 -0.008298 -0.005751 -0.002509 -0.001212 0.007067 0.021724 -0.104485 -0.215739 0.209951 -0.123205 0.049113 -0.023153 -0.079323 0.115193 -0.025750 0.100710 0.014859 -0.177824 0.018492 -0.053399 0.069452 -0.063642 -0.027752 -0.021410 -0.003774 0.059661 0.021006 0.008952 0.012541
ATAT -0.006301 0.004497 0.007996 0.004647 0.010773 0.009310 0.268682 0.166224 0.368697 -0.123205 0.218054 0.110898 0.010133 0.030620 -0.092663 0.029729 -0.229957 -0.003813 0.315411 0.050258 0.151592 -0.063642 0.132418 0.136301 -0.071620 0.038710 -0.006211 -0.026556 -0.004690 -0.000107
ATAT 0.108494 0.033499 -0.000932 0.052862 0.010535 0.008707 0.432713 -0.054763 -0.073264 0.049113 0.110898 0.367335 -0.043818 -0.078137 -0.027165 -0.035361 -0.238656 0.032927 0.335710 0.094883 0.163120 -0.027752 0.136301 0.215920 -0.124705 0.030791 0.006791 -0.053285 0.007724 0.029080
ATAT -0.044951 -0.015500 -0.000566 -0.003214 -0.003231 0.036242 0.028191 0.116862 0.052028 -0.023153 0.010133 -0.043818 0.079426 0.000000 0.000000 0.043305 0.000000 -0.000000 -0.028191 -0.116862 -0.052028 0.023153 -0.010133 0.043818 -0.044951 0.015500 0.000566 -0.003214 0.003231 -0.036242
ATAT -0.031087 -0.003340 0.011697 -0.008269 0.000437 -0.018878 0.043481 0.113211 0.129009 -0.079323 0.030620 -0.078137 0.000000 0.280458 -0.105687 0.000000 -0.013910 -0.022492 0.043481 0.113211 0.129009 -0.079323 0.030620 -0.078137 0.031087 -0.003340 0.011697 0.008269 0.000437 -0.018878
ATAT 0.031980 -0.043270 0.004789 -0.062463 -0.008205 0.004625 -0.191422 -0.149552 -0.013104 0.115193 -0.092663 -0.027165 0.000000 -0.105687 0.211610 0.000000 0.120081 0.018088 -0.191422 -0.149552 -0.013104 0.115193 -0.092663 -0.027165 -0.031980 -0.043270 0.004789 0.062463 -0.008205 0.004625
ATAT -0.046961 -0.035477 -0.043345 -0.016227 -0.005963 0.005856 0.064543 0.175183 0.169144 -0.025750 0.029729 -0.035361 0.043305 0.000000 0.000000 0.135319 0.000000 0.000000 -0.064543 -0.175183 -0.169144 0.025750 -0.029729 0.035361 -0.046961 0.035477 0.043345 -0.016227 0.005963 -0.005856
ATAT -0.051480 -0.040937 0.008531 -0.048186 -0.009108 -0.020215 -0.589677 -0.125497 -0.268211 0.100710 -0.229957 -0.238656 0.000000 -0.013910 0.120081 0.000000 0.371762 0.011790 -0.589677 -0.125497 -0.268211 0.100710 -0.229957 -0.238656 0.051480 -0.040937 0.008531 0.048186 -0.009108 -0.020215
ATAT 0.059110 -0.004009 0.013416 0.000204 0.000570 -0.021310 -0.038019 -0.022952 0.008168 0.014859 -0.003813 0.032927 -0.000000 -0.022492 0.018088 0.000000 0.011790 0.040549 -0.038019 -0.022952 0.008168 0.014859 -0.003813 0.032927 -0.059110 -0.004009 0.013416 -0.000204 0.000570 -0.021310
ATAT 0.201978 0.128367 0.086420 0.089080 0.007665 0.008700 0.842486 0.130994 0.194845 -0.177824 0.315411 0.335710 -0.028191 0.043481 -0.191422 -0.064543 -0.589677 -0.038019 2.445744 0.699021 0.110728 0.021724 0.268682 0.432713 0.151401 -0.058517 -0.070781 0.005320 0.000200 0.064638
ATAT 0.027386 0.038389 0.002126 -0.045245 -0.008887 -0.022902 0.130994 0.045915 0.041871 0.018492 0.050258 0.094883 -0.116862 0.113211 -0.149552 -0.175183 -0.125497 -0.022952 0.699021 1.577542 0.678877 -0.104485 0.166224 -0.054763 0.206738 -0.074590 0.016466 0.066282 -0.005353 0.027376
ATAT 0.240937 0.040941 0.114287 -0.001806 -0.007908 -0.035990 0.194845 0.041871 0.320485 -0.053399 0.151592 0.163120 -0.052028 0.129009 -0.013104 -0.169144 -0.268211 0.008168 0.110728 0.678877 2.506420 -0.215739 0.368697 -0.073264 0.114844 -0.060990 -0.026730 0.123700 -0.004023 -0.008129
ATAT 0.021410 -0.003774 0.059661 -0.021006 0.008952 0.012541 -0.177824 0.018492 -0.053399 0.069452 -0.063642 -0.027752 0.023153 -0.079323 0.115193 0.025750 0.100710 0.014859 0.021724 -0.104485 -0.215739 0.209951 -0.123205 0.049113 -0.012335 -0.008298 -0.005751 0.002509 -0.001212 0.007067
ATAT 0.071620 0.038710 -0.006211 0.026556 -0.004690 -0.000107 0.315411 0.050258 0.151592 -0.063642 0.132418 0.136301 -0.010133 0.030620 -0.092663 -0.029729 -0.229957 -0.003813 0.268682 0.166224 0.368697 -0.123205 0.218054 0.110898 0.006301 0.004497 0.007996 -0.004647 0.010773 0.009310
ATAT 0.124705 0.030791 0.006791 0.053285 0.007724 0.029080 0.335710 0.094883 0.163120 -0.027752 0.136301 0.215920 0.043818 -0.078137 -0.027165 0.035361 -0.238656 0.032927 0.432713 -0.054763 -0.073264 0.049113 0.110898 0.367335 -0.108494 0.033499 -0.000932 -0.052862 0.010535 0.008707
ATAT 0.085226 0.073263 0.014936 -0.011081 -0.004854 -0.024446 -0.201978 -0.027386 -0.240937 -0.021410 -0.071620 -0.124705 -0.044951 0.031087 -0.031980 -0.046961 0.051480 -0.059110 0.151401 0.206738 0.114844 -0.012335 0.006301 -0.108494 0.361394 -0.039983 -0.066556 0.043801 -0.014444 0.062365
ATAT -0.073263 0.006006 -0.019040 0.003682 0.001255 0.000615 0.128367 0.038389 0.040941 -0.003774 0.038710 0.030791 0.015500 -0.003340 -0.043270 0.035477 -0.040937 -0.004009 -0.058517 -0.074590 -0.060990 -0.008298 0.004497 0.033499 -0.039983 0.199536 0.002002 -0.016267 -0.001166 -0.020242
ATAT -0.014936 -0.019040 0.028894 -0.013646 0.006311 -0.001673 0.086420 0.002126 0.114287 0.059661 -0.006211 0.006791 0.000566 0.011697 0.004789 0.043345 0.008531 0.013416 -0.070781 0.016466 -0.026730 -0.005751 0.007996 -0.000932 -0.066556 0.002002 0.147853 -0.011576 0.023061 -0.009493
ATAT -0.011081 -0.003682 0.013646 -0.036081 -0.012703 -0.010124 -0.089080 0.045245 0.001806 0.021006 -0.026556 -0.053285 -0.003214 0.008269 0.062463 -0.016227 0.048186 -0.000204 0.005320 0.066282 0.123700 0.002509 -0.004647 -0.052862 0.043801 -0.016267 -0.011576 0.138352 -0.015533 -0.002045
ATAT 0.004854 0.001255 0.006311 0.012703 0.006337 0.004208 0.007665 -0.008887 -0.007908 0.008952 -0.004690 0.007724 0.003231 0.000437 -0.008205 0.005963 -0.009108 0.000570 0.000200 -0.005353 -0.004023 -0.001212 0.010773 0.010535 -0.014444 -0.001166 0.023061 -0.015533 0.022470 0.002547
ATAT 0.024446 0.000615 -0.001673 0.010124 0.004208 0.013367 0.008700 -0.022902 -0.035990 0.012541 -0.000107 0.029080 -0.036242 -0.018878 0.004625 -0.005856 -0.020215 -0.021310 0.064638 0.027376 -0.008129 0.007067 0.009310 0.008707 0.062365 -0.020242 -0.009493 -0.002045 0.002547 0.070070
TTAA 0.340941 0.054144 -0.023390 -0.006651 -0.012463 -0.056342 0.195589 -0.124400 -0.172585 0.112748 0.023392 0.185733 -0.036959 -0.002651 0.046594 -0.061447 -0.144380 0.048399 0.394646 0.088837 0.164137 -0.019995 0.172931 0.123107 0.111786 -0.078588 -0.029315 -0.024820 0.003883 0.028279
TTAA 0.054144 0.270245 -0.004367 -0.008213 -0.011355 -0.023004 0.022954 -0.146714 -0.016178 0.033978 -0.000259 0.081158 -0.026664 -0.038155 -0.014287 -0.074826 -0.076819 -0.013225 0.240211 0.096820 0.109649 -0.051851 0.081772 0.021382 0.078588 0.012285 -0.005559 -0.006598 -0.000002 0.023254
TTAA -0.023390 -0.004367 0.160688 -0.003499 0.008975 0.009406 -0.187583 -0.048447 0.045629 -0.011518 -0.059995 -0.095869 0.000181 0.037566 0.001634 -0.050407 0.089876 -0.014539 -0.124358 -0.005484 0.038562 0.019962 -0.059859 -0.104358 0.029315 -0.005559 0.067894 -0.000334 0.003551 0.006231
TTAA -0.006651 -0.008213 -0.003499 0.088969 -0.006575 0.013686 -0.018285 -0.021089 -0.015540 0.010787 -0.003657 0.031086 0.005426 -0.036836 -0.011955 0.001002 -0.014070 -0.003846 0.047260 -0.025365 -0.036779 0.011046 0.011170 0.046473 -0.024820 0.006598 0.000334 0.002674 0.001180 0.008738
TTAA -0.012463 -0.011355 0.008975 -0.006575 0.022750 0.002338 -0.015426 0.008825 0.007475 -0.007880 -0.009262 -0.020030 0.005115 -0.005220 0.004294 0.004126 0.019496 -0.000254 -0.050981 -0.015845 -0.037118 0.011277 -0.025265 -0.009157 -0.003883 -0.000002 0.003551 -0.001180 0.008530 -0.007447
TTAA -0.056342 -0.023004 0.009406 0.013686 0.002338 0.078821 0.123527 0.085576 -0.002448 -0.008824 0.048917 0.030137 0.027911 -0.030536 -0.015118 0.017183 -0.051534 -0.020574 0.061389 0.024443 -0.064395 0.026958 0.018609 0.068052 -0.028279 0.023254 0.006231 -0.008738 -0.007447 0.028958
TTAA 0.195589 0.022954 -0.187583 -0.018285 -0.015426 0.123527 3.835180 1.046586 0.398407 0.051190 1.042327 1.049910 0.056662 0.273338 -0.240248 0.140301 -1.507727 0.046666 2.798318 0.555539 0.505295 0.070092 0.964589 1.065938 -0.394646 0.240211 -0.124358 -0.047260 -0.050981 0.061389
TTAA -0.124400 -0.146714 -0.048447 -0.021089 0.008825 0.085576 1.046586 1.430895 0.683250 -0.295958 0.445328 0.005863 0.081553 0.263778 -0.292390 0.255428 -0.405847 -0.027662 0.555539 0.302720 0.128325 0.007026 0.251374 0.229220 -0.088837 0.096820 -0.005484 0.025365 -0.015845 0.024443
TTAA -0.172585 -0.016178 0.045629 -0.015540 0.007475 -0.002448 0.398407 0.683250 1.948293 -0.445256 0.384645 -0.238388 0.039238 0.290185 -0.191057 0.144495 -0.309843 -0.026282 0.505295 0.128325 0.322429 -0.016098 0.148247 0.065047 -0.164137 0.109649 0.038562 0.036779 -0.037118 -0.064395
TTAA 0.112748 0.033978 -0.011518 0.010787 -0.007880 -0.008824 0.051190 -0.295958 -0.445256 0.325073 -0.140838 0.191313 -0.036483 -0.080453 0.161278 -0.098609 0.038957 0.025318 0.070092 0.007026 -0.016098 0.056139 -0.013377 0.035850 0.019995 -0.051851 0.019962 -0.011046 0.011277 0.026958
TTAA 0.023392 -0.000259 -0.059995 -0.003657 -0.009262 0.048917 1.042327 0.445328 0.384645 -0.140838 0.485886 0.295653 0.019942 0.123965 -0.167431 0.070239 -0.564602 0.012620 0.964589 0.251374 0.148247 -0.013377 0.375470 0.363456 -0.172931 0.081772 -0.059859 -0.011170 -0.025265 0.018609
TTAA 0.185733 0.081158 -0.095869 0.031086 -0.020030 0.030137 1.049910 0.005863 -0.238388 0.191313 0.295653 0.612470 -0.044538 -0.067723 0.006650 -0.078634 -0.518071 0.039083 1.065938 0.229220 0.065047 0.035850 0.363456 0.445442 -0.123107 0.021382 -0.104358 -0.046473 -0.009157 0.068052
TTAA -0.036959 -0.026664 0.000181 0.005426 0.005115 0.027911 0.056662 0.081553 0.039238 -0.036483 0.019942 -0.044538 0.058063 -0.000000 -0.000000 0.050291 0.000000 0.000000 -0.056662 -0.081553 -0.039238 0.036483 -0.019942 0.044538 -0.036959 0.026664 -0.000181 0.005426 -0.005115 -0.027911
TTAA -0.002651 -0.038155 0.037566 -0.036836 -0.005220 -0.030536 0.273338 0.263778 0.290185 -0.080453 0.123965 -0.067723 -0.000000 0.340929 -0.145968 0.000000 -0.121286 0.003682 0.273338 0.263778 0.290185 -0.080453 0.123965 -0.067723 0.002651 -0.038155 0.037566 0.036836 -0.005220 -0.030536
TTAA 0.046594 -0.014287 0.001634 -0.011955 0.004294 -0.015118 -0.240248 -0.292390 -0.191057 0.161278 -0.167431 0.006650 -0.000000 -0.145968 0.247608 0.000000 0.167206 0.028514 -0.240248 -0.292390 -0.191057 0.161278 -0.167431 0.006650 -0.046594 -0.014287 0.001634 0.011955 0.004294 -0.015118
TTAA -0.061447 -0.074826 -0.050407 0.001002 0.004126 0.017183 0.140301 0.255428 0.144495 -0.098609 0.070239 -0.078634 0.050291 0.000000 0.000000 0.213320 -0.000000 -0.000000 -0.140301 -0.255428 -0.144495 0.098609 -0.070239 0.078634 -0.061447 0.074826 0.050407 0.001002 -0.004126 -0.017183
TTAA -0.144380 -0.076819 0.089876 -0.014070 0.019496 -0.051534 -1.507727 -0.405847 -0.309843 0.038957 -0.564602 -0.518071 0.000000 -0.121286 0.167206 -0.000000 0.798184 -0.020049 -1.507727 -0.405847 -0.309843 0.038957 -0.564602 -0.518071 0.144380 -0.076819 0.089876 0.014070 0.019496 -0.051534
TTAA 0.048399 -0.013225 -0.014539 -0.003846 -0.000254 -0.020574 0.046666 -0.027662 -0.026282 0.025318 0.012620 0.039083 0.000000 0.003682 0.028514 -0.000000 -0.020049 0.036089 0.046666 -0.027662 -0.026282 0.025318 0.012620 0.039083 -0.048399 -0.013225 -0.014539 0.003846 -0.000254 -0.020574
TTAA 0.394646 0.240211 -0.124358 0.047260 -0.050981 0.061389 2.798318 0.555539 0.505295 0.070092 0.964589 1.065938 -0.056662 0.273338 -0.240248 -0.140301 -1.507727 0.046666 3.835180 1.046586 0.398407 0.051190 1.042327 1.049910 -0.195589 0.022954 -0.187583 0.018285 -0.015426 0.123527
TTAA 0.088837 0.096820 -0.005484 -0.025365 -0.015845 0.024443 0.555539 0.302720 0.128325 0.007026 0.251374 0.229220 -0.081553 0.263778 -0.292390 -0.255428 -0.405847 -0.027662 1.046586 1.430895 0.683250 -0.295958 0.445328 0.005863 0.124400 -0.146714 -0.048447 0.021089 0.008825 0.085576
TTAA 0.164137 0.109649 0.038562 -0.036779 -0.037118 -0.064395 0.505295 0.128325 0.322429 -0.016098 0.148247 0.065047 -0.039238 0.290185 -0.191057 -0.144495 -0.309843 -0.026282 0.398407 0.683250 1.948293 -0.445256 0.384645 -0.238388 0.172585 -0.016178 0.045629 0.015540 0.007475 -0.002448
TTAA -0.019995 -0.051851 0.019962 0.011046 0.011277 0.026958 0.070092 0.007026 -0.016098 0.056139 -0.013377 0.035850 0.036483 -0.080453 0.161278 0.098609 0.038957 0.025318 0.051190 -0.295958 -0.445256 0.325073 -0.140838 0.191313 -0.112748 0.033978 -0.011518 -0.010787 -0.007880 -0.008824
TTAA 0.172931 0.081772 -0.059859 0.011170 -0.025265 0.018609 0.964589 0.251374 0.148247 -0.013377 0.375470 0.363456 -0.019942 0.123965 -0.167431 -0.070239 -0.564602 0.012620 1.042327 0.445328 0.384645 -0.140838 0.485886 0.295653 -0.023392 -0.000259 -0.059995 0.003657 -0.009262 0.048917
TTAA 0.123107 0.021382 -0.104358 0.046473 -0.009157 0.068052 1.065938 0.229220 0.065047 0.035850 0.363456 0.445442 0.044538 -0.067723 0.006650 0.078634 -0.518071 0.039083 1.049910 0.005863 -0.238388 0.191313 0.295653 0.612470 -0.185733 0.081158 -0.095869 -0.031086 -0.020030 0.030137
TTAA 0.111786 0.078588 0.029315 -0.024820 -0.003883 -0.028279 -0.394646 -0.088837 -0.164137 0.019995 -0.172931 -0.123107 -0.036959 0.002651 -0.046594 -0.061447 0.144380 -0.048399 -0.195589 0.124400 0.172585 -0.112748 -0.023392 -0.185733 0.340941 -0.054144 0.023390 -0.006651 0.012463 0.056342
TTAA -0.078588 0.012285 -0.005559 0.006598 -0.000002 0.023254 0.240211 0.096820 0.109649 -0.051851 0.081772 0.021382 0.026664 -0.038155 -0.014287 0.074826 -0.076819 -0.013225 0.022954 -0.146714 -0.016178 0.033978 -0.000259 0.081158 -0.054144 0.270245 -0.004367 0.008213 -0.011355 -0.023004
TTAA -0.029315 -0.005559 0.067894 0.000334 0.003551 0.006231 -0.124358 -0.005484 0.038562 0.019962 -0.059859 -0.104358 -0.000181 0.037566 0.001634 0.050407 0.089876 -0.014539 -0.187583 -0.048447 0.045629 -0.011518 -0.059995 -0.095869 0.023390 -0.004367 0.160688 0.003499 0.008975 0.009406
TTAA -0.024820 -0.006598 -0.000334 0.002674 -0.001180 -0.008738 -0.047260 0.025365 0.036779 -0.011046 -0.011170 -0.046473 0.005426 0.036836 0.011955 0.001002 0.014070 0.003846 0.018285 0.021089 0.015540 -0.010787 0.003657 -0.031086 -0.006651 0.008213 0.003499 0.088969 0.006575 -0.013686
TTAA 0.003883 -0.000002 0.003551 0.001180 0.008530 -0.007447 -0.050981 -0.015845 -0.037118 0.011277 -0.025265 -0.009157 -0.005115 -0.005220 0.004294 -0.004126 0.019496 -0.000254 -0.015426 0.008825 0.007475 -0.007880 -0.009262 -0.020030 0.012463 -0.011355 0.008975 0.006575 0.022750 0.002338
TTAA 0.028279 0.023254 0.006231 0.008738 -0.007447 0.028958 0.061389 0.024443 -0.064395 0.026958 0.018609 0.068052 -0.027911 -0.030536 -0.015118 -0.017183 -0.051534 -0.020574 0.123527 0.085576 -0.002448 -0.008824 0.048917 0.030137 0.056342 -0.023004 0.009406 -0.013686 0.002338 0.078821
CTAG 0.432167 0.041029 -0.026701 -0.011888 -0.012974 -0.069647 -0.265418 -0.226257 -0.012752 -0.054132 -0.002665 0.011565 -0.048682 -0.006789 0.071816 0.038073 -0.039185 0.050564 0.454183 0.031633 -0.111799 0.139864 0.065053 0.161066 0.194591 -0.126666 -0.028111 -0.008433 -0.006098 0.031175
CTAG 0.041029 0.341634 0.037974 0.020425 -0.003441 -0.036146 0.004408 -0.178738 -0.071966 0.011268 0.045865 0.109268 -0.067570 0.093555 -0.125826 -0.170860 -0.147553 -0.018455 0.439405 0.352956 0.365863 -0.144280 0.172559 -0.040966 0.126666 -0.021498 -0.009333 0.017391 0.006779 0.039005
CTAG -0.026701 0.037974 0.135123 0.004760 0.010975 -0.012432 0.049503 0.015970 0.013445 -0.014087 0.016240 -0.000201 -0.015972 0.070171 -0.076637 -0.113049 -0.032231 -0.005964 0.071310 0.117207 0.120440 -0.082532 0.062527 -0.065534 0.028111 -0.009333 0.019668 -0.005050 0.009005 0.003054
CTAG -0.011888 0.020425 0.004760 0.071286 -0.000460 0.004965 -0.059379 -0.066839 -0.084543 0.023672 -0.040783 0.002657 0.004747 -0.023670 -0.008202 -0.014481 0.028845 -0.001556 -0.013456 0.016248 -0.012556 0.003656 -0.017661 -0.005127 -0.008433 -0.017391 0.005050 -0.004302 0.002148 -0.000765
CTAG -0.012974 -0.003441 0.010975 -0.000460 0.017629 0.002345 0.029877 0.041940 0.025323 -0.015088 0.009082 -0.014764 0.005715 0.009645 -0.012926 0.011376 -0.002007 -0.004589 -0.002886 -0.002223 0.000136 0.000492 -0.010954 -0.004103 0.006098 0.006779 0.009005 -0.002148 0.002680 -0.000876
CTAG -0.069647 -0.036146 -0.012432 0.004965 0.002345 0.064616 0.027689 0.041604 -0.000863 -0.000011 -0.001468 -0.025626 0.041276 -0.048287 0.021556 0.043206 0.018789 -0.009160 -0.112059 -0.077189 -0.068173 0.038441 -0.035238 0.022278 -0.031175 0.039005 0.003054 0.000765 -0.000876 0.004650
CTAG -0.265418 0.004408 0.049503 -0.059379 0.029877 0.027689 3.736297 1.347406 0.382467 -0.215415 1.059045 0.617071 0.118979 0.634370 -0.665723 0.071872 -1.340599 0.032626 1.959037 0.500170 0.607388 -0.470608 0.938005 0.468454 -0.454183 0.439405 0.071310 0.013456 -0.002886 -0.112059
CTAG -0.226257 -0.178738 0.015970 -0.066839 0.041940 0.041604 1.347406 1.582176 0.978962 -0.473804 0.604052 -0.126238 0.155465 0.354572 -0.477317 0.394949 -0.543294 -0.007665 0.500170 0.125255 0.235816 -0.159426 0.309753 0.170291 -0.031633 0.352956 0.117207 -0.016248 -0.002223 -0.077189
CTAG -0.012752 -0.071966 0.013445 -0.084543 0.025323 -0.000863 0.382467 0.978962 2.638982 -0.924714 0.720932 -0.421904 0.058478 0.519678 -0.543449 0.365597 -0.656265 -0.019436 0.607388 0.235816 0.779236 -0.232625 0.461414 0.126318 0.111799 0.365863 0.120440 0.012556 0.000136 -0.068173
CTAG -0.054132 0.011268 -0.014087 0.023672 -0.015088 -0.000011 -0.215415 -0.473804 -0.924714 0.576605 -0.381988 0.244536 -0.049343 -0.254890 0.326194 -0.281216 0.320076 0.007255 -0.470608 -0.159426 -0.232625 0.048744 -0.223217 -0.132496 -0.139864 -0.144280 -0.082532 -0.003656 0.000492 0.038441
CTAG -0.002665 0.045865 0.016240 -0.040783 0.009082 -0.001468 1.059045 0.604052 0.720932 -0.381988 0.619966 0.100177 0.031455 0.351856 -0.399258 0.135096 -0.659844 0.015668 0.938005 0.309753 0.461414 -0.223217 0.497891 0.213219 -0.065053 0.172559 0.062527 0.017661 -0.010954 -0.035238
CTAG 0.011565 0.109268 -0.000201 0.002657 -0.014764 -0.025626 0.617071 -0.126238 -0.421904 0.244536 0.100177 0.396583 -0.066154 0.021224 -0.006911 -0.222110 -0.233790 0.024234 0.468454 0.170291 0.126318 -0.132496 0.213219 0.056371 -0.161066 -0.040966 -0.065534 0.005127 -0.004103 0.022278
CTAG -0.048682 -0.067570 -0.015972 0.004747 0.005715 0.041276 0.118979 0.155465 0.058478 -0.049343 0.031455 -0.066154 0.091957 0.000000 0.000000 0.118127 0.000000 0.000000 -0.118979 -0.155465 -0.058478 0.049343 -0.031455 0.066154 -0.048682 0.067570 0.015972 0.004747 -0.005715 -0.041276
CTAG -0.006789 0.093555 0.070171 -0.023670 0.009645 -0.048287 0.634370 0.354572 0.519678 -0.254890 0.351856 0.021224 0.000000 0.411873 -0.343676 0.000000 -0.402193 -0.002432 0.634370 0.354572 0.519678 -0.254890 0.351856 0.021224 0.006789 0.093555 0.070171 0.023670 0.009645 -0.048287
CTAG 0.071816 -0.125826 -0.076637 -0.008202 -0.012926 0.021556 -0.665723 -0.477317 -0.543449 0.326194 -0.399258 -0.006911 0.000000 -0.343676 0.457609 0.000000 0.449793 0.018098 -0.665723 -0.477317 -0.543449 0.326194 -0.399258 -0.006911 -0.071816 -0.125826 -0.076637 0.008202 -0.012926 0.021556
CTAG 0.038073 -0.170860 -0.113049 -0.014481 0.011376 0.043206 0.071872 0.394949 0.365597 -0.281216 0.135096 -0.222110 0.118127 0.000000 0.000000 0.497959 -0.000000 -0.000000 -0.071872 -0.394949 -0.365597 0.281216 -0.135096 0.222110 0.038073 0.170860 0.113049 -0.014481 -0.011376 -0.043206
CTAG -0.039185 -0.147553 -0.032231 0.028845 -0.002007 0.018789 -1.340599 -0.543294 -0.656265 0.320076 -0.659844 -0.233790 0.000000 -0.402193 0.449793 -0.000000 0.825453 -0.011627 -1.340599 -0.543294 -0.656265 0.320076 -0.659844 -0.233790 0.039185 -0.147553 -0.032231 -0.028845 -0.002007 0.018789
CTAG 0.050564 -0.018455 -0.005964 -0.001556 -0.004589 -0.009160 0.032626 -0.007665 -0.019436 0.007255 0.015668 0.024234 0.000000 -0.002432 0.018098 -0.000000 -0.011627 0.034393 0.032626 -0.007665 -0.019436 0.007255 0.015668 0.024234 -0.050564 -0.018455 -0.005964 0.001556 -0.004589 -0.009160
CTAG 0.454183 0.439405 0.071310 -0.013456 -0.002886 -0.112059 1.959037 0.500170 0.607388 -0.470608 0.938005 0.468454 -0.118979 0.634370 -0.665723 -0.071872 -1.340599 0.032626 3.736297 1.347406 0.382467 -0.215415 1.059045 0.617071 0.265418 0.004408 0.049503 0.059379 0.029877 0.027689
CTAG 0.031633 0.352956 0.117207 0.016248 -0.002223 -0.077189 0.500170 0.125255 0.235816 -0.159426 0.309753 0.170291 -0.155465 0.354572 -0.477317 -0.394949 -0.543294 -0.007665 1.347406 1.582176 0.978962 -0.473804 0.604052 -0.126238 0.226257 -0.178738 0.015970 0.066839 0.041940 0.041604
CTAG -0.111799 0.365863 0.120440 -0.012556 0.000136 -0.068173 0.607388 0.235816 0.779236 -0.232625 0.461414 0.126318 -0.058478 0.519678 -0.543449 -0.365597 -0.656265 -0.019436 0.382467 0.978962 2.638982 -0.924714 0.720932 -0.421904 0.012752 -0.071966 0.013445 0.084543 0.025323 -0.000863
CTAG 0.139864 -0.144280 -0.082532 0.003656 0.000492 0.038441 -0.470608 -0.159426 -0.232625 0.048744 -0.223217 -0.132496 0.049343 -0.254890 0.326194 0.281216 0.320076 0.007255 -0.215415 -0.473804 -0.924714 0.576605 -0.381988 0.244536 0.054132 0.011268 -0.014087 -0.023672 -0.015088 -0.000011
CTAG 0.065053 0.172559 0.062527 -0.017661 -0.010954 -0.035238 0.938005 0.309753 0.461414 -0.223217 0.497891 0.213219 -0.031455 0.351856 -0.399258 -0.135096 -0.659844 0.015668 1.059045 0.604052 0.720932 -0.381988 0.619966 0.100177 0.002665 0.045865 0.016240 0.040783 0.009082 -0.001468
CTAG 0.161066 -0.040966 -0.065534 -0.005127 -0.004103 0.022278 0.468454 0.170291 0.126318 -0.132496 0.213219 0.056371 0.066154 0.021224 -0.006911 0.222110 -0.233790 0.024234 0.617071 -0.126238 -0.421904 0.244536 0.100177 0.396583 -0.011565 0.109268 -0.000201 -0.002657 -0.014764 -0.025626
CTAG 0.194591 0.126666 0.028111 -0.008433 0.006098 -0.031175 -0.454183 -0.031633 0.111799 -0.139864 -0.065053 -0.161066 -0.048682 0.006789 -0.071816 0.038073 0.039185 -0.050564 0.265418 0.226257 0.012752 0.054132 0.002665 -0.011565 0.432167 -0.041029 0.026701 -0.011888 0.012974 0.069647
CTAG -0.126666 -0.021498 -0.009333 -0.017391 0.006779 0.039005 0.439405 0.352956 0.365863 -0.144280 0.172559 -0.040966 0.067570 0.093555 -0.125826 0.170860 -0.147553 -0.018455 0.004408 -0.178738 -0.071966 0.011268 0.045865 0.109268 -0.041029 0.341634 0.037974 -0.020425 -0.003441 -0.036146
CTAG -0.028111 -0.009333 0.019668 0.005050 0.009005 0.003054 0.071310 0.117207 0.120440 -0.082532 0.062527 -0.065534 0.015972 0.070171 -0.076637 0.113049 -0.032231 -0.005964 0.049503 0.015970 0.013445 -0.014087 0.016240 -0.000201 0.026701 0.037974 0.135123 -0.004760 0.010975 -0.012432
CTAG -0.008433 0.017391 -0.005050 -0.004302 -0.002148 0.000765 0.013456 -0.016248 0.012556 -0.003656 0.017661 0.005127 0.004747 0.023670 0.008202 -0.014481 -0.028845 0.001556 0.059379 0.066839 0.084543 -0.023672 0.040783 -0.002657 -0.011888 -0.020425 -0.004760 0.071286 0.000460 -0.004965
CTAG -0.006098 0.006779 0.009005 0.002148 0.002680 -0.000876 -0.002886 -0.002223 0.000136 0.000492 -0.010954 -0.004103 -0.005715 0.009645 -0.012926 -0.011376 -0.002007 -0.004589 0.029877 0.041940 0.025323 -0.015088 0.009082 -0.014764 0.012974 -0.003441 0.010975 0.000460 0.017629 0.002345
CTAG 0.031175 0.039005 0.003054 -0.000765 -0.000876 0.004650 -0.112059 -0.077189 -0.068173 0.038441 -0.035238 0.022278 -0.041276 -0.048287 0.021556 -0.043206 0.018789 -0.009160 0.027689 0.041604 -0.000863 -0.000011 -0.001468 -0.025626 0.069647 -0.036146 -0.012432 -0.004965 0.002345 0.064616
GTAC 0.361623 0.037958 -0.003276 0.002095 0.000447 -0.056670 -0.088792 -0.012413 -0.014336 0.005658 0.042283 0.088149 -0.035772 0.025185 0.037419 0.052113 -0.064156 0.066255 0.346958 -0.022601 -0.058790 0.091319 0.063645 0.189634 0.089155 -0.046408 0.030071 -0.009470 -0.002599 -0.013721
GTAC 0.037958 0.399053 -0.020122 0.008717 -0.002920 -0.055637 0.145719 0.168226 -0.068509 -0.034895 0.203319 0.166463 -0.064400 0.153429 -0.160735 0.018826 -0.214151 -0.011205 0.501633 0.139428 0.176085 -0.054441 0.124684 0.077044 0.046408 -0.032962 0.056004 -0.009497 -0.001173 -0.013975
GTAC -0.003276 -0.020122 0.131394 0.014968 0.002032 -0.001586 0.169916 0.070664 -0.063485 0.026447 0.040736 0.089579 0.006695 0.095007 -0.063786 -0.109636 -0.083953 0.004193 0.104586 0.151758 0.108514 -0.037899 0.109721 0.036103 -0.030071 0.056004 -0.006348 0.009475 0.000797 -0.009668
GTAC 0.002095 0.008717 0.014968 0.054244 -0.003580 -0.005160 0.046669 -0.005431 -0.056167 0.013311 0.016240 0.041150 -0.001411 0.019433 -0.037363 -0.022069 -0.039728 -0.001830 0.081999 0.009662 -0.012128 -0.005753 0.034326 0.032984 -0.009470 0.009497 -0.009475 -0.002380 -0.002919 -0.002924
GTAC 0.000447 -0.002920 0.002032 -0.003580 0.011874 -0.003107 -0.006209 0.010024 0.011052 0.002372 -0.004641 -0.005757 0.000588 0.011376 0.001353 0.005293 0.011337 0.000864 -0.004469 -0.003204 -0.017114 0.011956 -0.011906 -0.003624 0.002599 -0.001173 0.000797 0.002919 0.004903 -0.005164
GTAC -0.056670 -0.055637 -0.001586 -0.005160 -0.003107 0.064759 -0.065949 -0.023668 0.091086 -0.040293 -0.027223 -0.081132 0.031004 -0.088038 0.048977 0.023086 0.038478 -0.018864 -0.141445 -0.090301 -0.038272 0.013018 -0.047986 -0.028147 0.013721 -0.013975 -0.009668 0.002924 -0.005164 0.022039
GTAC -0.088792 0.145719 0.169916 0.046669 -0.006209 -0.065949 4.219740 1.453511 -0.694216 0.032634 0.983759 1.211520 0.106924 0.913254 -0.808359 -0.045173 -1.539088 -0.009109 2.706180 1.180449 -0.299917 -0.187140 1.089572 1.070312 -0.346958 0.501633 0.104586 -0.081999 -0.004469 -0.141445
GTAC -0.012413 0.168226 0.070664 -0.005431 0.010024 -0.023668 1.453511 1.605081 0.095600 -0.246275 0.625219 0.276297 0.101597 0.488826 -0.483734 0.347439 -0.616702 -0.022610 1.180449 0.329170 -0.215209 -0.008142 0.363656 0.419462 0.022601 0.139428 0.151758 -0.009662 -0.003204 -0.090301
GTAC -0.014336 -0.068509 -0.063485 -0.056167 0.011052 0.091086 -0.694216 0.095600 2.720781 -0.778587 0.402125 -0.562785 0.127923 0.068309 -0.142157 0.396089 -0.215913 -0.042576 -0.299917 -0.215209 0.286799 -0.033018 0.114163 0.165510 0.058790 0.176085 0.108514 0.012128 -0.017114 -0.038272
GTAC 0.005658 -0.034895 0.026447 0.013311 0.002372 -0.040293 0.032634 -0.246275 -0.778587 0.460664 -0.269876 0.218464 -0.050179 -0.084751 0.176586 -0.246059 0.194806 0.040140 -0.187140 -0.008142 -0.033018 -0.000939 -0.082181 -0.117112 -0.091319 -0.054441 -0.037899 0.005753 0.011956 0.013018
GTAC 0.042283 0.203319 0.040736 0.016240 -0.004641 -0.027223 0.983759 0.625219 0.402125 -0.269876 0.596993 0.324458 0.013240 0.375310 -0.388794 0.158799 -0.660549 -0.009879 1.089572 0.363656 0.114163 -0.082181 0.421958 0.423343 -0.063645 0.124684 0.109721 -0.034326 -0.011906 -0.047986
GTAC 0.088149 0.166463 0.089579 0.041150 -0.005757 -0.081132 1.211520 0.276297 -0.562785 0.218464 0.324458 0.704459 -0.058157 0.305242 -0.230745 -0.167889 -0.557572 0.037279 1.070312 0.419462 0.165510 -0.117112 0.423343 0.366523 -0.189634 0.077044 0.036103 -0.032984 -0.003624 -0.028147
GTAC -0.035772 -0.064400 0.006695 -0.001411 0.000588 0.031004 0.106924 0.101597 0.127923 -0.050179 0.013240 -0.058157 0.079082 -0.000000 -0.000000 0.073590 -0.000000 -0.000000 -0.106924 -0.101597 -0.127923 0.050179 -0.013240 0.058157 -0.035772 0.064400 -0.006695 -0.001411 -0.000588 -0.031004
GTAC 0.025185 0.153429 0.095007 0.019433 0.011376 -0.088038 0.913254 0.488826 0.068309 -0.084751 0.375310 0.305242 -0.000000 0.608107 -0.437198 0.000000 -0.472980 -0.014830 0.913254 0.488826 0.068309 -0.084751 0.375310 0.305242 -0.025185 0.153429 0.095007 -0.019433 0.011376 -0.088038
GTAC 0.037419 -0.160735 -0.063786 -0.037363 0.001353 0.048977 -0.808359 -0.483734 -0.142157 0.176586 -0.388794 -0.230745 -0.000000 -0.437198 0.454724 0.000000 0.492752 0.050107 -0.808359 -0.483734 -0.142157 0.176586 -0.388794 -0.230745 -0.037419 -0.160735 -0.063786 0.037363 0.001353 0.048977
GTAC 0.052113 0.018826 -0.109636 -0.022069 0.005293 0.023086 -0.045173 0.347439 0.396089 -0.246059 0.158799 -0.167889 0.073590 0.000000 0.000000 0.453591 -0.000000 0.000000 0.045173 -0.347439 -0.396089 0.246059 -0.158799 0.167889 0.052113 -0.018826 0.109636 -0.022069 -0.005293 -0.023086
GTAC -0.064156 -0.214151 -0.083953 -0.039728 0.011337 0.038478 -1.539088 -0.616702 -0.215913 0.194806 -0.660549 -0.557572 -0.000000 -0.472980 0.492752 -0.000000 0.921187 0.020016 -1.539088 -0.616702 -0.215913 0.194806 -0.660549 -0.557572 0.064156 -0.214151 -0.083953 0.039728 0.011337 0.038478
GTAC 0.066255 -0.011205 0.004193 -0.001830 0.000864 -0.018864 -0.009109 -0.022610 -0.042576 0.040140 -0.009879 0.037279 -0.000000 -0.014830 0.050107 0.000000 0.020016 0.045059 -0.009109 -0.022610 -0.042576 0.040140 -0.009879 0.037279 -0.066255 -0.011205 0.004193 0.001830 0.000864 -0.018864
GTAC 0.346958 0.501633 0.104586 0.081999 -0.004469 -0.141445 2.706180 1.180449 -0.299917 -0.187140 1.089572 1.070312 -0.106924 0.913254 -0.808359 0.045173 -1.539088 -0.009109 4.219740 1.453511 -0.694216 0.032634 0.983759 1.211520 0.088792 0.145719 0.169916 -0.046669 -0.006209 -0.065949
GTAC -0.022601 0.139428 0.151758 0.009662 -0.003204 -0.090301 1.180449 0.329170 -0.215209 -0.008142 0.363656 0.419462 -0.101597 0.488826 -0.483734 -0.347439 -0.616702 -0.022610 1.453511 1.605081 0.095600 -0.246275 0.625219 0.276297 0.012413 0.168226 0.070664 0.005431 0.010024 -0.023668
GTAC -0.058790 0.176085 0.108514 -0.012128 -0.017114 -0.038272 -0.299917 -0.215209 0.286799 -0.033018 0.114163 0.165510 -0.127923 0.068309 -0.142157 -0.396089 -0.215913 -0.042576 -0.694216 0.095600 2.720781 -0.778587 0.402125 -0.562785 0.014336 -0.068509 -0.063485 0.056167 0.011052 0.091086
GTAC 0.091319 -0.054441 -0.037899 -0.005753 0.011956 0.013018 -0.187140 -0.008142 -0.033018 -0.000939 -0.082181 -0.117112 0.050179 -0.084751 0.176586 0.246059 0.194806 0.040140 0.032634 -0.246275 -0.778587 0.460664 -0.269876 0.218464 -0.005658 -0.034895 0.026447 -0.013311 0.002372 -0.040293
GTAC 0.063645 0.124684 0.109721 0.034326 -0.011906 -0.047986 1.089572 0.363656 0.114163 -0.082181 0.421958 0.423343 -0.013240 0.375310 -0.388794 -0.158799 -0.660549 -0.009879 0.983759 0.625219 0.402125 -0.269876 0.596993 0.324458 -0.042283 0.203319 0.040736 -0.016240 -0.004641 -0.027223
GTAC 0.189634 0.077044 0.036103 0.032984 -0.003624 -0.028147 1.070312 0.419462 0.165510 -0.117112 0.423343 0.366523 0.058157 0.305242 -0.230745 0.167889 -0.557572 0.037279 1.211520 0.276297 -0.562785 0.218464 0.324458 0.704459 -0.088149 0.166463 0.089579 -0.041150 -0.005757 -0.081132
GTAC 0.089155 0.046408 -0.030071 -0.009470 0.002599 0.013721 -0.346958 0.022601 0.058790 -0.091319 -0.063645 -0.189634 -0.035772 -0.025185 -0.037419 0.052113 0.064156 -0.066255 0.088792 0.012413 0.014336 -0.005658 -0.042283 -0.088149 0.361623 -0.037958 0.003276 0.002095 -0.000447 0.056670
GTAC -0.046408 -0.032962 0.056004 0.009497 -0.001173 -0.013975 0.501633 0.139428 0.176085 -0.054441 0.124684 0.077044 0.064400 0.153429 -0.160735 -0.018826 -0.214151 -0.011205 0.145719 0.168226 -0.068509 -0.034895 0.203319 0.166463 -0.037958 0.399053 -0.020122 -0.008717 -0.002920 -0.055637
GTAC 0.030071 0.056004 -0.006348 -0.009475 0.000797 -0.009668 0.104586 0.151758 0.108514 -0.037899 0.109721 0.036103 -0.006695 0.095007 -0.063786 0.109636 -0.083953 0.004193 0.169916 0.070664 -0.063485 0.026447 0.040736 0.089579 0.003276 -0.020122 0.131394 -0.014968 0.002032 -0.001586
GTAC -0.009470 -0.009497 0.009475 -0.002380 0.002919 0.002924 -0.081999 -0.009662 0.012128 0.005753 -0.034326 -0.032984 -0.001411 -0.019433 0.037363 -0.022069 0.039728 0.001830 -0.046669 0.005431 0.056167 -0.013311 -0.016240 -0.041150 0.002095 -0.008717 -0.014968 0.054244 0.003580 0.005160
GTAC -0.002599 -0.001173 0.000797 -0.002919 0.004903 -0.005164 -0.004469 -0.003204 -0.017114 0.011956 -0.011906 -0.003624 -0.000588 0.011376 0.001353 -0.005293 0.011337 0.000864 -0.006209 0.010024 0.011052 0.002372 -0.004641 -0.005757 -0.000447 -0.002920 0.002032 0.003580 0.011874 -0.003107
GTAC -0.013721 -0.013975 -0.009668 -0.002924 -0.005164 0.022039 -0.141445 -0.090301 -0.038272 0.013018 -0.047986 -0.028147 -0.031004 -0.088038 0.048977 -0.023086 0.038478 -0.018864 -0.065949 -0.023668 0.091086 -0.040293 -0.027223 -0.081132 0.056670 -0.055637 -0.001586 0.005160 -0.003107 0.064759
ATAC 0.261561 0.064067 0.026126 -0.030701 0.006701 -0.050361 0.043331 0.161332 -0.260137 0.010144 0.021852 0.156793 -0.038094 0.024385 -0.026546 -0.014416 -0.068658 0.037781 0.328308 0.107822 -0.113923 0.092909 0.030068 0.198685 0.132517 -0.092397 -0.005622 0.016508 -0.000209 0.002697
ATAC 0.064067 0.272419 -0.003236 0.009543 -0.004574 -0.022737 -0.201869 0.176974 -0.165843 -0.061659 0.074048 0.092626 -0.034219 -0.050021 -0.088852 -0.002964 -0.094088 -0.021864 0.269558 0.138688 -0.186253 0.102411 -0.008610 0.154137 0.172660 -0.069929 -0.018602 0.015345 -0.005412 0.017216
ATAC 0.026126 -0.003236 0.127151 0.018860 0.009541 0.002816 -0.044628 0.118492 -0.072169 0.006434 0.004962 0.035520 -0.006795 0.023305 -0.032894 -0.046758 0.002331 -0.007967 0.023164 0.037607 -0.109776 0.068437 -0.009159 0.041871 0.055107 -0.008025 0.021265 -0.009750 -0.000557 0.007320
ATAC -0.030701 0.009543 0.018860 0.091449 -0.002797 0.010573 -0.052060 0.000167 -0.028002 -0.012327 0.011026 -0.007697 0.014548 0.009885 -0.047800 -0.008340 -0.012004 -0.006154 0.019056 0.002416 -0.100742 0.007402 -0.013647 0.020200 -0.008660 -0.005628 -0.001819 -0.013702 -0.006599 -0.004180
ATAC 0.006701 -0.004574 0.009541 -0.002797 0.020197 -0.002060 -0.003678 0.035279 0.008640 0.002563 0.004599 0.007546 -0.003574 -0.009393 0.003174 0.003670 0.001438 0.002882 0.012066 -0.006204 -0.037762 0.013655 -0.014266 0.008642 -0.005035 0.000112 0.001856 -0.003227 0.006505 0.001694
ATAC -0.050361 -0.022737 0.002816 0.010573 -0.002060 0.047816 -0.042845 -0.019430 -0.000356 0.000211 -0.007092 -0.030753 0.026144 -0.027027 0.013070 -0.001625 0.010540 -0.022826 -0.016816 -0.024214 -0.035151 -0.003663 -0.006424 -0.017175 0.013630 0.004087 -0.010209 -0.003621 0.001017 0.014155
ATAC 0.043331 -0.201869 -0.044628 -0.052060 -0.003678 -0.042845 2.158361 -0.745649 0.002353 0.388422 -0.112772 0.384822 -0.044677 0.155954 0.202029 -0.098173 -0.202671 0.126049 0.037356 -0.269103 0.562920 -0.265277 0.219411 0.002822 -0.570385 0.198437 0.171252 -0.053637 -0.000298 -0.046666
ATAC 0.161332 0.176974 0.118492 0.000167 0.035279 -0.019430 -0.745649 2.006273 0.071864 -0.324016 0.267930 0.151694 0.000213 -0.038034 -0.291010 0.210178 -0.112132 -0.056881 0.865611 0.338956 -0.871403 0.499184 -0.153827 0.447274 0.514927 -0.205797 -0.089805 0.058456 0.000804 0.059599
ATAC -0.260137 -0.165843 -0.072169 -0.028002 0.008640 -0.000356 0.002353 0.071864 3.435270 -0.477238 0.286762 -0.567014 0.076785 0.230192 -0.072230 0.104756 -0.280652 -0.000377 0.084082 -0.138983 0.822569 -0.373790 0.224020 -0.170804 -0.319614 0.195155 0.033763 0.056279 0.027602 -0.085687
ATAC 0.010144 -0.061659 0.006434 -0.012327 0.002563 0.000211 0.388422 -0.324016 -0.477238 0.309456 -0.180367 0.129593 -0.025964 -0.030669 0.144410 -0.090077 0.105370 0.032282 -0.322895 -0.047159 0.136924 -0.057104 0.004058 -0.099043 -0.110525 0.021510 0.079614 -0.012886 0.007143 0.008587
ATAC 0.021852 0.074048 0.004962 0.011026 0.004599 -0.007092 -0.112772 0.267930 0.286762 -0.180367 0.243368 0.069791 -0.012109 0.044796 -0.120812 0.053954 -0.210222 -0.016115 0.383393 0.071666 -0.137294 0.057596 0.058587 0.191008 0.030549 -0.008556 -0.030556 0.012181 -0.017444 0.011132
ATAC 0.156793 0.092626 0.035520 -0.007697 0.007546 -0.030753 0.384822 0.151694 -0.567014 0.129593 0.069791 0.476270 -0.094896 0.000404 -0.026889 -0.072545 -0.183491 0.035155 0.358372 0.150298 -0.162792 0.115220 0.057982 0.264101 -0.032052 -0.063195 0.019398 -0.015636 -0.009476 0.036388
ATAC -0.038094 -0.034219 -0.006795 0.014548 -0.003574 0.026144 -0.044677 0.000213 0.076785 -0.025964 -0.012109 -0.094896 0.078609 0.008880 0.011818 0.025612 0.036620 -0.000413 -0.036889 -0.143425 -0.008252 -0.018730 -0.002291 -0.023551 -0.037942 0.017106 -0.023179 -0.006767 -0.000535 -0.040497
ATAC 0.024385 -0.050021 0.023305 0.009885 -0.009393 -0.027027 0.155954 -0.038034 0.230192 -0.030669 0.044796 0.000404 0.008880 0.202614 -0.077445 -0.045919 -0.078990 0.015154 0.080901 0.041728 0.138282 -0.079668 0.086723 -0.000660 -0.047186 0.004887 0.007611 -0.001419 -0.006267 -0.040871
ATAC -0.026546 -0.088852 -0.032894 -0.047800 0.003174 0.013070 0.202029 -0.291010 -0.072230 0.144410 -0.120812 -0.026889 0.011818 -0.077445 0.197149 0.021874 0.122165 0.026657 -0.290694 -0.209653 0.130634 -0.032214 -0.035060 -0.119157 -0.151312 0.045935 0.034281 0.012905 0.006238 0.004546
ATAC -0.014416 -0.002964 -0.046758 -0.008340 0.003670 -0.001625 -0.098173 0.210178 0.104756 -0.090077 0.053954 -0.072545 0.025612 -0.045919 0.021874 0.224691 0.050394 -0.005647 0.041592 -0.171859 -0.275882 0.141281 -0.133452 0.064630 0.010657 0.024833 0.044403 -0.012809 -0.010774 0.016715
ATAC -0.068658 -0.094088 0.002331 -0.012004 0.001438 0.010540 -0.202671 -0.112132 -0.280652 0.105370 -0.210222 -0.183491 0.036620 -0.078990 0.122165 0.050394 0.327932 0.008505 -0.539404 -0.183814 -0.026111 0.028283 -0.162073 -0.235480 -0.016210 0.013844 0.020353 -0.008709 0.004079 -0.007068
ATAC 0.037781 -0.021864 -0.007967 -0.006154 0.002882 -0.022826 0.126049 -0.056881 -0.000377 0.032282 -0.016115 0.035155 -0.000413 0.015154 0.026657 -0.005647 0.008505 0.042439 -0.027883 -0.034309 0.057455 -0.014460 0.010851 0.003318 -0.097682 -0.000256 0.008536 -0.003787 0.002505 -0.027227
