ATAT 0.743933 0.019566 0.024977 0.014247 0.011937 -0.103795 0.657410 0.128380 0.110821 -0.038061 0.223034 0.269846 -0.060567 0.150108 0.049557 -0.152265 -0.148805 0.167140 0.106428 -0.266353 -0.109918 0.128753 0.010436 0.188783 0.085046 -0.189041 0.002476 -0.006461 -0.005441 -0.063038
ATAT 0.019566 0.476107 0.012899 0.007468 -0.001759 0.041859 0.078737 -0.003258 0.051011 -0.016360 -0.013047 -0.033659 0.031530 -0.103997 0.052524 -0.185123 0.076159 -0.032068 -0.329889 -0.259676 -0.353940 0.204891 -0.178965 0.064375 0.189041 -0.052054 -0.011488 0.001346 -0.000488 -0.035424
ATAT 0.024977 0.012899 0.193176 0.026476 -0.000198 0.017998 0.084972 0.035911 0.017804 0.017026 0.012340 -0.016547 0.001281 0.021449 0.002911 -0.144836 0.015192 0.001512 -0.095825 -0.078728 -0.048670 0.029141 -0.032094 0.002375 -0.002476 -0.011488 0.013151 -0.001814 -0.000823 -0.016033
ATAT 0.014247 0.007468 0.026476 0.074086 -0.007386 0.003832 0.062469 0.003303 0.005721 0.007812 0.019255 0.019548 0.002529 0.015904 -0.015405 -0.032922 -0.013594 -0.000620 -0.015877 -0.039344 -0.039112 0.025841 -0.016884 0.012557 -0.006461 -0.001346 0.001814 -0.002182 -0.000890 -0.003975
ATAT 0.011937 -0.001759 -0.000198 -0.007386 0.013526 -0.005552 -0.011945 -0.000144 -0.009249 0.002151 -0.005316 -0.000707 -0.005203 -0.000371 0.001343 0.001708 0.003670 0.002136 0.000421 -0.000632 0.003960 -0.002496 0.002107 0.002835 0.005441 -0.000488 -0.000823 0.000890 0.000330 0.000049
ATAT -0.103795 0.041859 0.017998 0.003832 -0.005552 0.144155 -0.004916 0.045650 0.023199 -0.028440 0.009610 -0.009004 0.083264 -0.072927 0.002520 -0.068449 0.010744 -0.054371 -0.107205 0.012807 -0.067453 0.032713 -0.042497 -0.049451 0.063038 -0.035424 -0.016033 0.003975 0.000049 -0.001020
ATAT 0.657410 0.078737 0.084972 0.062469 -0.011945 -0.004916 2.559992 0.757404 -0.034970 -0.006335 0.526734 0.645854 0.025259 0.401292 -0.137688 -0.285528 -0.699828 0.164467 0.885730 -0.017197 0.216143 -0.028401 0.339154 0.402724 -0.106428 -0.329889 -0.095825 0.015877 0.000421 -0.107205
ATAT 0.128380 -0.003258 0.035911 0.003303 -0.000144 0.045650 0.757404 1.714801 0.891192 -0.745444 0.451417 -0.317993 -0.231172 0.096192 -0.264450 -0.751634 -0.211150 -0.027206 -0.017197 -0.471398 -0.243546 0.210438 -0.055503 0.235579 0.266353 -0.259676 -0.078728 0.039344 -0.000632 0.012807
ATAT 0.110821 0.051011 0.017804 0.005721 -0.009249 0.023199 -0.034970 0.891192 2.791561 -1.409150 0.738680 -0.792354 -0.140206 0.363190 -0.489670 -0.724748 -0.394713 -0.015983 0.216143 -0.243546 0.145692 -0.022358 0.135368 0.214619 0.109918 -0.353940 -0.048670 0.039112 0.003960 -0.067453
ATAT -0.038061 -0.016360 0.017026 0.007812 0.002151 -0.028440 -0.006335 -0.745444 -1.409150 0.948030 -0.415611 0.459120 0.110993 -0.162526 0.328916 0.515745 0.190862 0.022465 -0.028401 0.210438 -0.022358 -0.023847 -0.034976 -0.118120 -0.128753 0.204891 0.029141 -0.025841 -0.002496 0.032713
ATAT 0.223034 -0.013047 0.012340 0.019255 -0.005316 0.009610 0.526734 0.451417 0.738680 -0.415611 0.421489 -0.015106 -0.033651 0.189997 -0.194427 -0.273876 -0.323072 0.046224 0.339154 -0.055503 0.135368 -0.034976 0.151347 0.173297 -0.010436 -0.178965 -0.032094 0.016884 0.002107 -0.042497
ATAT 0.269846 -0.033659 -0.016547 0.019548 -0.000707 -0.009004 0.645854 -0.317993 -0.792354 0.459120 -0.015106 0.692572 0.150080 0.023956 0.089178 0.292602 -0.185888 0.106902 0.402724 0.235579 0.214619 -0.118120 0.173297 0.049762 -0.188783 0.064375 0.002375 -0.012557 0.002835 -0.049451
ATAT -0.060567 0.031530 0.001281 0.002529 -0.005203 0.083264 0.025259 -0.231172 -0.140206 0.110993 -0.033651 0.150080 0.202906 -0.000000 0.000000 0.135372 0.000000 -0.000000 -0.025259 0.231172 0.140206 -0.110993 0.033651 -0.150080 -0.060567 -0.031530 -0.001281 0.002529 0.005203 -0.083264
ATAT 0.150108 -0.103997 0.021449 0.015904 -0.000371 -0.072927 0.401292 0.096192 0.363190 -0.162526 0.189997 0.023956 0.000000 0.440745 -0.168317 0.000000 -0.223671 0.048956 0.401292 0.096192 0.363190 -0.162526 0.189997 0.023956 -0.150108 -0.103997 0.021449 -0.015904 -0.000371 -0.072927
ATAT 0.049557 0.052524 0.002911 -0.015405 0.001343 0.002520 -0.137688 -0.264450 -0.489670 0.328916 -0.194427 0.089178 -0.000000 -0.168317 0.305472 -0.000000 0.188226 0.026811 -0.137688 -0.264450 -0.489670 0.328916 -0.194427 0.089178 -0.049557 0.052524 0.002911 0.015405 0.001343 0.002520
ATAT -0.152265 -0.185123 -0.144836 -0.032922 0.001708 -0.068449 -0.285528 -0.751634 -0.724748 0.515745 -0.273876 0.292602 0.135372 -0.000000 0.000000 0.859112 -0.000000 0.000000 0.285528 0.751634 0.724748 -0.515745 0.273876 -0.292602 -0.152265 0.185123 0.144836 -0.032922 -0.001708 0.068449
ATAT -0.148805 0.076159 0.015192 -0.013594 0.003670 0.010744 -0.699828 -0.211150 -0.394713 0.190862 -0.323072 -0.185888 -0.000000 -0.223671 0.188226 -0.000000 0.446757 -0.053309 -0.699828 -0.211150 -0.394713 0.190862 -0.323072 -0.185888 0.148805 0.076159 0.015192 0.013594 0.003670 0.010744
ATAT 0.167140 -0.032068 0.001512 -0.000620 0.002136 -0.054371 0.164467 -0.027206 -0.015983 0.022465 0.046224 0.106902 0.000000 0.048956 0.026811 -0.000000 -0.053309 0.108347 0.164467 -0.027206 -0.015983 0.022465 0.046224 0.106902 -0.167140 -0.032068 0.001512 0.000620 0.002136 -0.054371
ATAT 0.106428 -0.329889 -0.095825 -0.015877 0.000421 -0.107205 0.885730 -0.017197 0.216143 -0.028401 0.339154 0.402724 -0.025259 0.401292 -0.137688 0.285528 -0.699828 0.164467 2.559992 0.757404 -0.034970 -0.006335 0.526734 0.645854 -0.657410 0.078737 0.084972 -0.062469 -0.011945 -0.004916
ATAT -0.266353 -0.259676 -0.078728 -0.039344 -0.000632 0.012807 -0.017197 -0.471398 -0.243546 0.210438 -0.055503 0.235579 0.231172 0.096192 -0.264450 0.751634 -0.211150 -0.027206 0.757404 1.714801 0.891192 -0.745444 0.451417 -0.317993 -0.128380 -0.003258 0.035911 -0.003303 -0.000144 0.045650
ATAT -0.109918 -0.353940 -0.048670 -0.039112 0.003960 -0.067453 0.216143 -0.243546 0.145692 -0.022358 0.135368 0.214619 0.140206 0.363190 -0.489670 0.724748 -0.394713 -0.015983 -0.034970 0.891192 2.791561 -1.409150 0.738680 -0.792354 -0.110821 0.051011 0.017804 -0.005721 -0.009249 0.023199
ATAT 0.128753 0.204891 0.029141 0.025841 -0.002496 0.032713 -0.028401 0.210438 -0.022358 -0.023847 -0.034976 -0.118120 -0.110993 -0.162526 0.328916 -0.515745 0.190862 0.022465 -0.006335 -0.745444 -1.409150 0.948030 -0.415611 0.459120 0.038061 -0.016360 0.017026 -0.007812 0.002151 -0.028440
ATAT 0.010436 -0.178965 -0.032094 -0.016884 0.002107 -0.042497 0.339154 -0.055503 0.135368 -0.034976 0.151347 0.173297 0.033651 0.189997 -0.194427 0.273876 -0.323072 0.046224 0.526734 0.451417 0.738680 -0.415611 0.421489 -0.015106 -0.223034 -0.013047 0.012340 -0.019255 -0.005316 0.009610
ATAT 0.188783 0.064375 0.002375 0.012557 0.002835 -0.049451 0.402724 0.235579 0.214619 -0.118120 0.173297 0.049762 -0.150080 0.023956 0.089178 -0.292602 -0.185888 0.106902 0.645854 -0.317993 -0.792354 0.459120 -0.015106 0.692572 -0.269846 -0.033659 -0.016547 -0.019548 -0.000707 -0.009004
ATAT 0.085046 0.189041 -0.002476 -0.006461 0.005441 0.063038 -0.106428 0.266353 0.109918 -0.128753 -0.010436 -0.188783 -0.060567 -0.150108 -0.049557 -0.152265 0.148805 -0.167140 -0.657410 -0.128380 -0.110821 0.038061 -0.223034 -0.269846 0.743933 -0.019566 -0.024977 0.014247 -0.011937 0.103795
ATAT -0.189041 -0.052054 -0.011488 -0.001346 -0.000488 -0.035424 -0.329889 -0.259676 -0.353940 0.204891 -0.178965 0.064375 -0.031530 -0.103997 0.052524 0.185123 0.076159 -0.032068 0.078737 -0.003258 0.051011 -0.016360 -0.013047 -0.033659 -0.019566 0.476107 0.012899 -0.007468 -0.001759 0.041859
ATAT 0.002476 -0.011488 0.013151 0.001814 -0.000823 -0.016033 -0.095825 -0.078728 -0.048670 0.029141 -0.032094 0.002375 -0.001281 0.021449 0.002911 0.144836 0.015192 0.001512 0.084972 0.035911 0.017804 0.017026 0.012340 -0.016547 -0.024977 0.012899 0.193176 -0.026476 -0.000198 0.017998
ATAT -0.006461 0.001346 -0.001814 -0.002182 0.000890 0.003975 0.015877 0.039344 0.039112 -0.025841 0.016884 -0.012557 0.002529 -0.015904 0.015405 -0.032922 0.013594 0.000620 -0.062469 -0.003303 -0.005721 -0.007812 -0.019255 -0.019548 0.014247 -0.007468 -0.026476 0.074086 0.007386 -0.003832
ATAT -0.005441 -0.000488 -0.000823 -0.000890 0.000330 0.000049 0.000421 -0.000632 0.003960 -0.002496 0.002107 0.002835 0.005203 -0.000371 0.001343 -0.001708 0.003670 0.002136 -0.011945 -0.000144 -0.009249 0.002151 -0.005316 -0.000707 -0.011937 -0.001759 -0.000198 0.007386 0.013526 -0.005552
ATAT -0.063038 -0.035424 -0.016033 -0.003975 0.000049 -0.001020 -0.107205 0.012807 -0.067453 0.032713 -0.042497 -0.049451 -0.083264 -0.072927 0.002520 0.068449 0.010744 -0.054371 -0.004916 0.045650 0.023199 -0.028440 0.009610 -0.009004 0.103795 0.041859 0.017998 -0.003832 -0.005552 0.144155
TTAA 0.821633 -0.005752 -0.017458 0.004483 -0.001068 -0.134806 0.464893 -0.073340 -0.093490 0.132135 0.194566 0.341458 -0.042897 0.077808 0.125322 -0.035699 -0.072661 0.163913 -0.026714 -0.243512 -0.073797 0.105920 -0.011196 0.121358 0.163719 -0.185611 -0.000232 -0.005220 -0.004790 -0.030459
TTAA -0.005752 0.524259 -0.011729 -0.002977 -0.003354 0.035286 0.125582 0.075536 0.256618 -0.146500 0.067260 -0.114824 0.017450 -0.031745 -0.041701 -0.199980 -0.009344 -0.044224 -0.263761 -0.215118 -0.180504 0.123730 -0.092930 0.067826 0.185611 -0.036224 0.002085 -0.007030 -0.000012 -0.018645
TTAA -0.017458 -0.011729 0.220280 0.019949 0.002250 0.036727 0.043806 0.155204 0.230449 -0.155479 0.054307 -0.106112 -0.010653 0.040946 -0.043563 -0.256093 -0.010004 -0.006940 -0.023299 -0.096505 -0.112577 0.085384 -0.043882 0.022894 0.000232 0.002085 0.000390 -0.007470 -0.001499 -0.016873
TTAA 0.004483 -0.002977 0.019949 0.073260 -0.006079 0.003451 0.036624 -0.022414 -0.007757 0.018949 0.012650 0.027126 0.012095 0.024491 -0.032053 0.010594 -0.022193 -0.001626 0.010409 0.020792 0.025125 -0.015562 0.003060 -0.015221 -0.005220 0.007030 0.007470 -0.002954 -0.001010 0.001296
TTAA -0.001068 -0.003354 0.002250 -0.006079 0.013583 0.002538 -0.006546 -0.001764 -0.019072 0.010035 -0.005909 0.002775 0.001485 -0.003785 0.002783 0.003492 0.002899 -0.002071 0.004397 0.006496 0.001695 -0.003056 0.002122 -0.000755 0.004790 -0.000012 -0.001499 0.001010 0.000226 -0.000141
TTAA -0.134806 0.035286 0.036727 0.003451 0.002538 0.154741 0.016555 0.115574 0.136750 -0.105616 0.041696 -0.035933 0.074100 -0.047394 -0.030471 -0.109497 -0.035029 -0.054131 -0.021091 0.012641 -0.052839 0.031390 -0.018873 -0.014819 0.030459 -0.018645 -0.016873 -0.001296 -0.000141 0.006296
TTAA 0.464893 0.125582 0.043806 0.036624 -0.006546 0.016555 1.839843 0.709693 -0.194784 -0.066454 0.491674 0.436923 -0.035132 0.292697 -0.188110 -0.300532 -0.543897 0.105019 0.532587 -0.077621 0.115330 0.000972 0.230372 0.322429 0.026714 -0.263761 -0.023299 -0.010409 0.004397 -0.021091
TTAA -0.073340 0.075536 0.155204 -0.022414 -0.001764 0.115574 0.709693 2.743010 1.814323 -1.543324 0.544109 -0.716172 -0.350203 0.148320 -0.450238 -1.461067 -0.269086 -0.063815 -0.077621 -0.943584 -0.728690 0.628652 -0.174827 0.447446 0.243512 -0.215118 -0.096505 -0.020792 0.006496 0.012641
TTAA -0.093490 0.256618 0.230449 -0.007757 -0.019072 0.136750 -0.194784 1.814323 4.097610 -2.394073 0.697287 -1.304935 -0.225523 0.350195 -0.633305 -1.503962 -0.485934 -0.052105 0.115330 -0.728690 -0.478997 0.465878 -0.027564 0.477902 0.073797 -0.180504 -0.112577 -0.025125 0.001695 -0.052839
TTAA 0.132135 -0.146500 -0.155479 0.018949 0.010035 -0.105616 -0.066454 -1.543324 -2.394073 1.751050 -0.467177 0.889563 0.209521 -0.204636 0.478612 1.205420 0.285872 0.058897 0.000972 0.628652 0.465878 -0.415766 0.083039 -0.343573 -0.105920 0.123730 0.085384 0.015562 -0.003056 0.031390
TTAA 0.194566 0.067260 0.054307 0.012650 -0.005909 0.041696 0.491674 0.544109 0.697287 -0.467177 0.389583 -0.016499 -0.034884 0.133177 -0.178132 -0.395372 -0.308882 0.037208 0.230372 -0.174827 -0.027564 0.083039 0.091845 0.209930 0.011196 -0.092930 -0.043882 -0.003060 0.002122 -0.018873
TTAA 0.341458 -0.114824 -0.106112 0.027126 0.002775 -0.035933 0.436923 -0.716172 -1.304935 0.889563 -0.016499 0.900362 0.192463 -0.052585 0.174075 0.657311 -0.114058 0.104133 0.322429 0.447446 0.477902 -0.343573 0.209930 -0.111551 -0.121358 0.067826 0.022894 0.015221 -0.000755 -0.014819
TTAA -0.042897 0.017450 -0.010653 0.012095 0.001485 0.074100 -0.035132 -0.350203 -0.225523 0.209521 -0.034884 0.192463 0.223453 0.000000 -0.000000 0.257340 -0.000000 0.000000 0.035132 0.350203 0.225523 -0.209521 0.034884 -0.192463 -0.042897 -0.017450 0.010653 0.012095 -0.001485 -0.074100
TTAA 0.077808 -0.031745 0.040946 0.024491 -0.003785 -0.047394 0.292697 0.148320 0.350195 -0.204636 0.133177 -0.052585 0.000000 0.427184 -0.242825 0.000000 -0.197121 0.030708 0.292697 0.148320 0.350195 -0.204636 0.133177 -0.052585 -0.077808 -0.031745 0.040946 -0.024491 -0.003785 -0.047394
TTAA 0.125322 -0.041701 -0.043563 -0.032053 0.002783 -0.030471 -0.188110 -0.450238 -0.633305 0.478612 -0.178132 0.174075 0.000000 -0.242825 0.466150 -0.000000 0.268462 0.058822 -0.188110 -0.450238 -0.633305 0.478612 -0.178132 0.174075 -0.125322 -0.041701 -0.043563 0.032053 0.002783 -0.030471
TTAA -0.035699 -0.199980 -0.256093 0.010594 0.003492 -0.109497 -0.300532 -1.461067 -1.503962 1.205420 -0.395372 0.657311 0.257340 0.000000 -0.000000 1.662557 -0.000000 0.000000 0.300532 1.461067 1.503962 -1.205420 0.395372 -0.657311 -0.035699 0.199980 0.256093 0.010594 -0.003492 0.109497
TTAA -0.072661 -0.009344 -0.010004 -0.022193 0.002899 -0.035029 -0.543897 -0.269086 -0.485934 0.285872 -0.308882 -0.114058 -0.000000 -0.197121 0.268462 -0.000000 0.469590 -0.021868 -0.543897 -0.269086 -0.485934 0.285872 -0.308882 -0.114058 0.072661 -0.009344 -0.010004 0.022193 0.002899 -0.035029
TTAA 0.163913 -0.044224 -0.006940 -0.001626 -0.002071 -0.054131 0.105019 -0.063815 -0.052105 0.058897 0.037208 0.104133 0.000000 0.030708 0.058822 0.000000 -0.021868 0.103098 0.105019 -0.063815 -0.052105 0.058897 0.037208 0.104133 -0.163913 -0.044224 -0.006940 0.001626 -0.002071 -0.054131
TTAA -0.026714 -0.263761 -0.023299 0.010409 0.004397 -0.021091 0.532587 -0.077621 0.115330 0.000972 0.230372 0.322429 0.035132 0.292697 -0.188110 0.300532 -0.543897 0.105019 1.839843 0.709693 -0.194784 -0.066454 0.491674 0.436923 -0.464893 0.125582 0.043806 -0.036624 -0.006546 0.016555
TTAA -0.243512 -0.215118 -0.096505 0.020792 0.006496 0.012641 -0.077621 -0.943584 -0.728690 0.628652 -0.174827 0.447446 0.350203 0.148320 -0.450238 1.461067 -0.269086 -0.063815 0.709693 2.743010 1.814323 -1.543324 0.544109 -0.716172 0.073340 0.075536 0.155204 0.022414 -0.001764 0.115574
TTAA -0.073797 -0.180504 -0.112577 0.025125 0.001695 -0.052839 0.115330 -0.728690 -0.478997 0.465878 -0.027564 0.477902 0.225523 0.350195 -0.633305 1.503962 -0.485934 -0.052105 -0.194784 1.814323 4.097610 -2.394073 0.697287 -1.304935 0.093490 0.256618 0.230449 0.007757 -0.019072 0.136750
TTAA 0.105920 0.123730 0.085384 -0.015562 -0.003056 0.031390 0.000972 0.628652 0.465878 -0.415766 0.083039 -0.343573 -0.209521 -0.204636 0.478612 -1.205420 0.285872 0.058897 -0.066454 -1.543324 -2.394073 1.751050 -0.467177 0.889563 -0.132135 -0.146500 -0.155479 -0.018949 0.010035 -0.105616
TTAA -0.011196 -0.092930 -0.043882 0.003060 0.002122 -0.018873 0.230372 -0.174827 -0.027564 0.083039 0.091845 0.209930 0.034884 0.133177 -0.178132 0.395372 -0.308882 0.037208 0.491674 0.544109 0.697287 -0.467177 0.389583 -0.016499 -0.194566 0.067260 0.054307 -0.012650 -0.005909 0.041696
TTAA 0.121358 0.067826 0.022894 -0.015221 -0.000755 -0.014819 0.322429 0.447446 0.477902 -0.343573 0.209930 -0.111551 -0.192463 -0.052585 0.174075 -0.657311 -0.114058 0.104133 0.436923 -0.716172 -1.304935 0.889563 -0.016499 0.900362 -0.341458 -0.114824 -0.106112 -0.027126 0.002775 -0.035933
TTAA 0.163719 0.185611 0.000232 -0.005220 0.004790 0.030459 0.026714 0.243512 0.073797 -0.105920 0.011196 -0.121358 -0.042897 -0.077808 -0.125322 -0.035699 0.072661 -0.163913 -0.464893 0.073340 0.093490 -0.132135 -0.194566 -0.341458 0.821633 0.005752 0.017458 0.004483 0.001068 0.134806
TTAA -0.185611 -0.036224 0.002085 0.007030 -0.000012 -0.018645 -0.263761 -0.215118 -0.180504 0.123730 -0.092930 0.067826 -0.017450 -0.031745 -0.041701 0.199980 -0.009344 -0.044224 0.125582 0.075536 0.256618 -0.146500 0.067260 -0.114824 0.005752 0.524259 -0.011729 0.002977 -0.003354 0.035286
TTAA -0.000232 0.002085 0.000390 0.007470 -0.001499 -0.016873 -0.023299 -0.096505 -0.112577 0.085384 -0.043882 0.022894 0.010653 0.040946 -0.043563 0.256093 -0.010004 -0.006940 0.043806 0.155204 0.230449 -0.155479 0.054307 -0.106112 0.017458 -0.011729 0.220280 -0.019949 0.002250 0.036727
TTAA -0.005220 -0.007030 -0.007470 -0.002954 0.001010 -0.001296 -0.010409 -0.020792 -0.025125 0.015562 -0.003060 0.015221 0.012095 -0.024491 0.032053 0.010594 0.022193 0.001626 -0.036624 0.022414 0.007757 -0.018949 -0.012650 -0.027126 0.004483 0.002977 -0.019949 0.073260 0.006079 -0.003451
TTAA -0.004790 -0.000012 -0.001499 -0.001010 0.000226 -0.000141 0.004397 0.006496 0.001695 -0.003056 0.002122 -0.000755 -0.001485 -0.003785 0.002783 -0.003492 0.002899 -0.002071 -0.006546 -0.001764 -0.019072 0.010035 -0.005909 0.002775 0.001068 -0.003354 0.002250 0.006079 0.013583 0.002538
TTAA -0.030459 -0.018645 -0.016873 0.001296 -0.000141 0.006296 -0.021091 0.012641 -0.052839 0.031390 -0.018873 -0.014819 -0.074100 -0.047394 -0.030471 0.109497 -0.035029 -0.054131 0.016555 0.115574 0.136750 -0.105616 0.041696 -0.035933 0.134806 0.035286 0.036727 -0.003451 0.002538 0.154741
CTAG 0.878408 0.125746 -0.054641 -0.010288 -0.003563 -0.139182 0.385571 -0.088169 -0.119197 0.153265 0.169011 0.284288 -0.043150 0.041824 0.135241 0.009329 -0.001568 0.132367 -0.244674 -0.320443 -0.102748 0.105572 -0.070707 0.078856 0.326929 -0.251932 0.030377 -0.007996 -0.003101 -0.003995
CTAG 0.125746 0.546600 -0.024779 0.002325 -0.002084 0.020602 0.233538 0.181625 0.328302 -0.190457 0.109573 -0.117944 -0.005562 0.001838 -0.043085 -0.240690 -0.030391 -0.026800 -0.279174 -0.309493 -0.208651 0.163705 -0.102801 0.098565 0.251932 -0.107404 0.013647 -0.011368 -0.000508 -0.003612
CTAG -0.054641 -0.024779 0.240237 0.030900 0.000228 0.031678 0.039944 0.199817 0.245166 -0.175866 0.055829 -0.115595 -0.017419 0.050631 -0.049137 -0.286626 -0.013545 -0.006578 0.007600 -0.110311 -0.121238 0.098041 -0.043980 0.035210 -0.030377 0.013647 -0.002313 -0.004369 -0.001083 -0.020231
CTAG -0.010288 0.002325 0.030900 0.074140 -0.007181 0.006577 0.030448 0.019708 0.038511 -0.019391 0.020443 0.003601 0.004878 0.023468 -0.038463 -0.028920 -0.021757 -0.004202 0.003192 -0.004234 0.000826 0.004448 -0.006010 -0.003751 -0.007996 0.011368 0.004369 -0.003622 -0.000919 -0.000789
CTAG -0.003563 -0.002084 0.000228 -0.007181 0.013719 -0.003015 -0.007578 -0.001738 -0.013028 0.006265 -0.007685 -0.004791 -0.002519 -0.000357 0.000605 0.005148 0.003245 -0.001450 0.006491 0.007939 0.002127 -0.003644 0.003721 0.000701 0.003101 -0.000508 -0.001083 0.000919 0.000362 -0.000026
CTAG -0.139182 0.020602 0.031678 0.006577 -0.003015 0.144518 0.017071 0.112869 0.116923 -0.095680 0.042060 -0.020994 0.070300 -0.042018 -0.032254 -0.100188 -0.041079 -0.043928 0.020098 0.034762 -0.041256 0.024973 -0.011531 -0.013223 0.003995 -0.003612 -0.020231 0.000789 -0.000026 0.009518
CTAG 0.385571 0.233538 0.039944 0.030448 -0.007578 0.017071 1.713709 0.912182 -0.148137 -0.150526 0.447998 0.251338 -0.066079 0.280268 -0.240751 -0.325170 -0.434167 0.024927 0.280157 -0.103253 0.086298 -0.020040 0.141175 0.214479 0.244674 -0.279174 0.007600 -0.003192 0.006491 0.020098
CTAG -0.088169 0.181625 0.199817 0.019708 -0.001738 0.112869 0.912182 3.255753 2.089246 -1.829791 0.646419 -0.891213 -0.428864 0.183582 -0.496592 -1.792765 -0.311021 -0.096467 -0.103253 -1.306842 -0.933683 0.829413 -0.242809 0.563258 0.320443 -0.309493 -0.110311 0.004234 0.007939 0.034762
CTAG -0.119197 0.328302 0.245166 0.038511 -0.013028 0.116923 -0.148137 2.089246 4.174810 -2.495527 0.697864 -1.356920 -0.267960 0.363162 -0.624966 -1.680475 -0.471218 -0.079773 0.086298 -0.933683 -0.635596 0.634417 -0.081697 0.564685 0.102748 -0.208651 -0.121238 -0.000826 0.002127 -0.041256
CTAG 0.153265 -0.190457 -0.175866 -0.019391 0.006265 -0.095680 -0.150526 -1.829791 -2.495527 1.880682 -0.495591 0.950955 0.249532 -0.226047 0.483561 1.393228 0.293288 0.074203 -0.020040 0.829413 0.634417 -0.571969 0.122069 -0.436585 -0.105572 0.163705 0.098041 -0.004448 -0.003644 0.024973
CTAG 0.169011 0.109573 0.055829 0.020443 -0.007685 0.042060 0.447998 0.646419 0.697864 -0.495591 0.378815 -0.064858 -0.043564 0.128990 -0.182563 -0.445232 -0.265391 0.009919 0.141175 -0.242809 -0.081697 0.122069 0.045410 0.189416 0.070707 -0.102801 -0.043980 0.006010 0.003721 -0.011531
CTAG 0.284288 -0.117944 -0.115595 0.003601 -0.004791 -0.020994 0.251338 -0.891213 -1.356920 0.950955 -0.064858 0.863164 0.220246 -0.064272 0.165393 0.763455 -0.048823 0.078967 0.214479 0.563258 0.564685 -0.436585 0.189416 -0.228675 -0.078856 0.098565 0.035210 0.003751 0.000701 -0.013223
CTAG -0.043150 -0.005562 -0.017419 0.004878 -0.002519 0.070300 -0.066079 -0.428864 -0.267960 0.249532 -0.043564 0.220246 0.231743 -0.000000 0.000000 0.312787 0.000000 0.000000 0.066079 0.428864 0.267960 -0.249532 0.043564 -0.220246 -0.043150 0.005562 0.017419 0.004878 0.002519 -0.070300
CTAG 0.041824 0.001838 0.050631 0.023468 -0.000357 -0.042018 0.280268 0.183582 0.363162 -0.226047 0.128990 -0.064272 0.000000 0.409026 -0.255009 0.000000 -0.191363 0.008547 0.280268 0.183582 0.363162 -0.226047 0.128990 -0.064272 -0.041824 0.001838 0.050631 -0.023468 -0.000357 -0.042018
CTAG 0.135241 -0.043085 -0.049137 -0.038463 0.000605 -0.032254 -0.240751 -0.496592 -0.624966 0.483561 -0.182563 0.165393 -0.000000 -0.255009 0.475070 -0.000000 0.283125 0.071728 -0.240751 -0.496592 -0.624966 0.483561 -0.182563 0.165393 -0.135241 -0.043085 -0.049137 0.038463 0.000605 -0.032254
CTAG 0.009329 -0.240690 -0.286626 -0.028920 0.005148 -0.100188 -0.325170 -1.792765 -1.680475 1.393228 -0.445232 0.763455 0.312787 -0.000000 0.000000 1.922763 0.000000 0.000000 0.325170 1.792765 1.680475 -1.393228 0.445232 -0.763455 0.009329 0.240690 0.286626 -0.028920 -0.005148 0.100188
CTAG -0.001568 -0.030391 -0.013545 -0.021757 0.003245 -0.041079 -0.434167 -0.311021 -0.471218 0.293288 -0.265391 -0.048823 -0.000000 -0.191363 0.283125 -0.000000 0.404106 0.020438 -0.434167 -0.311021 -0.471218 0.293288 -0.265391 -0.048823 0.001568 -0.030391 -0.013545 0.021757 0.003245 -0.041079
CTAG 0.132367 -0.026800 -0.006578 -0.004202 -0.001450 -0.043928 0.024927 -0.096467 -0.079773 0.074203 0.009919 0.078967 0.000000 0.008547 0.071728 0.000000 0.020438 0.082960 0.024927 -0.096467 -0.079773 0.074203 0.009919 0.078967 -0.132367 -0.026800 -0.006578 0.004202 -0.001450 -0.043928
CTAG -0.244674 -0.279174 0.007600 0.003192 0.006491 0.020098 0.280157 -0.103253 0.086298 -0.020040 0.141175 0.214479 0.066079 0.280268 -0.240751 0.325170 -0.434167 0.024927 1.713709 0.912182 -0.148137 -0.150526 0.447998 0.251338 -0.385571 0.233538 0.039944 -0.030448 -0.007578 0.017071
CTAG -0.320443 -0.309493 -0.110311 -0.004234 0.007939 0.034762 -0.103253 -1.306842 -0.933683 0.829413 -0.242809 0.563258 0.428864 0.183582 -0.496592 1.792765 -0.311021 -0.096467 0.912182 3.255753 2.089246 -1.829791 0.646419 -0.891213 0.088169 0.181625 0.199817 -0.019708 -0.001738 0.112869
CTAG -0.102748 -0.208651 -0.121238 0.000826 0.002127 -0.041256 0.086298 -0.933683 -0.635596 0.634417 -0.081697 0.564685 0.267960 0.363162 -0.624966 1.680475 -0.471218 -0.079773 -0.148137 2.089246 4.174810 -2.495527 0.697864 -1.356920 0.119197 0.328302 0.245166 -0.038511 -0.013028 0.116923
CTAG 0.105572 0.163705 0.098041 0.004448 -0.003644 0.024973 -0.020040 0.829413 0.634417 -0.571969 0.122069 -0.436585 -0.249532 -0.226047 0.483561 -1.393228 0.293288 0.074203 -0.150526 -1.829791 -2.495527 1.880682 -0.495591 0.950955 -0.153265 -0.190457 -0.175866 0.019391 0.006265 -0.095680
CTAG -0.070707 -0.102801 -0.043980 -0.006010 0.003721 -0.011531 0.141175 -0.242809 -0.081697 0.122069 0.045410 0.189416 0.043564 0.128990 -0.182563 0.445232 -0.265391 0.009919 0.447998 0.646419 0.697864 -0.495591 0.378815 -0.064858 -0.169011 0.109573 0.055829 -0.020443 -0.007685 0.042060
CTAG 0.078856 0.098565 0.035210 -0.003751 0.000701 -0.013223 0.214479 0.563258 0.564685 -0.436585 0.189416 -0.228675 -0.220246 -0.064272 0.165393 -0.763455 -0.048823 0.078967 0.251338 -0.891213 -1.356920 0.950955 -0.064858 0.863164 -0.284288 -0.117944 -0.115595 -0.003601 -0.004791 -0.020994
CTAG 0.326929 0.251932 -0.030377 -0.007996 0.003101 0.003995 0.244674 0.320443 0.102748 -0.105572 0.070707 -0.078856 -0.043150 -0.041824 -0.135241 0.009329 0.001568 -0.132367 -0.385571 0.088169 0.119197 -0.153265 -0.169011 -0.284288 0.878408 -0.125746 0.054641 -0.010288 0.003563 0.139182
CTAG -0.251932 -0.107404 0.013647 0.011368 -0.000508 -0.003612 -0.279174 -0.309493 -0.208651 0.163705 -0.102801 0.098565 0.005562 0.001838 -0.043085 0.240690 -0.030391 -0.026800 0.233538 0.181625 0.328302 -0.190457 0.109573 -0.117944 -0.125746 0.546600 -0.024779 -0.002325 -0.002084 0.020602
CTAG 0.030377 0.013647 -0.002313 0.004369 -0.001083 -0.020231 0.007600 -0.110311 -0.121238 0.098041 -0.043980 0.035210 0.017419 0.050631 -0.049137 0.286626 -0.013545 -0.006578 0.039944 0.199817 0.245166 -0.175866 0.055829 -0.115595 0.054641 -0.024779 0.240237 -0.030900 0.000228 0.031678
CTAG -0.007996 -0.011368 -0.004369 -0.003622 0.000919 0.000789 -0.003192 0.004234 -0.000826 -0.004448 0.006010 0.003751 0.004878 -0.023468 0.038463 -0.028920 0.021757 0.004202 -0.030448 -0.019708 -0.038511 0.019391 -0.020443 -0.003601 -0.010288 -0.002325 -0.030900 0.074140 0.007181 -0.006577
CTAG -0.003101 -0.000508 -0.001083 -0.000919 0.000362 -0.000026 0.006491 0.007939 0.002127 -0.003644 0.003721 0.000701 0.002519 -0.000357 0.000605 -0.005148 0.003245 -0.001450 -0.007578 -0.001738 -0.013028 0.006265 -0.007685 -0.004791 0.003563 -0.002084 0.000228 0.007181 0.013719 -0.003015
CTAG -0.003995 -0.003612 -0.020231 -0.000789 -0.000026 0.009518 0.020098 0.034762 -0.041256 0.024973 -0.011531 -0.013223 -0.070300 -0.042018 -0.032254 0.100188 -0.041079 -0.043928 0.017071 0.112869 0.116923 -0.095680 0.042060 -0.020994 0.139182 0.020602 0.031678 -0.006577 -0.003015 0.144518
GTAC 0.878668 0.124729 -0.017050 0.000467 0.001249 -0.096246 0.513866 -0.052671 -0.024387 0.081680 0.191340 0.285719 -0.018608 0.067286 0.108276 -0.034547 -0.051040 0.135177 -0.181095 -0.262568 -0.110934 0.116244 -0.063799 0.064916 0.335948 -0.261299 0.027282 -0.009190 -0.005236 -0.026685
GTAC 0.124729 0.562102 0.010728 0.008747 -0.005367 0.026595 0.198249 0.182465 0.320634 -0.210628 0.108547 -0.067851 0.011104 -0.020179 -0.052900 -0.277646 -0.003221 -0.023179 -0.323160 -0.298019 -0.290786 0.180303 -0.134339 0.092777 0.261299 -0.075001 0.000453 -0.000570 0.001627 -0.029785
GTAC -0.017050 0.010728 0.216220 0.034634 -0.010962 0.020002 0.072015 0.153309 0.169108 -0.112110 0.057753 -0.065051 -0.016565 0.031774 -0.025904 -0.258744 -0.012643 0.000775 -0.019220 -0.123619 -0.128457 0.096310 -0.044165 0.055295 -0.027282 0.000453 0.003402 -0.003325 -0.000658 -0.018215
GTAC 0.000467 0.008747 0.034634 0.076820 -0.009251 0.006161 0.047327 0.018065 0.024676 -0.008919 0.021589 0.008809 0.002246 0.016919 -0.025293 -0.042927 -0.015952 -0.001287 -0.010597 -0.031587 -0.031644 0.026119 -0.014940 0.010105 -0.009190 0.000570 0.003325 -0.003387 -0.001062 -0.002158
GTAC 0.001249 -0.005367 -0.010962 -0.009251 0.014644 -0.005309 -0.015383 -0.014860 -0.026899 0.016702 -0.011745 0.002458 -0.001200 -0.002243 0.002892 0.023331 0.004404 -0.001021 0.006267 0.016223 0.014839 -0.012754 0.006936 -0.004286 0.005236 0.001627 -0.000658 0.001062 0.000412 0.000824
GTAC -0.096246 0.026595 0.020002 0.006161 -0.005309 0.147181 0.014273 0.039982 0.052453 -0.041250 0.023746 -0.006034 0.080379 -0.048313 -0.000839 -0.072054 -0.012019 -0.040263 -0.019541 0.026943 -0.066578 0.039098 -0.030248 -0.028028 0.026685 -0.029785 -0.018215 0.002158 0.000824 0.008140
GTAC 0.513866 0.198249 0.072015 0.047327 -0.015383 0.014273 2.002920 0.789502 -0.291305 0.027015 0.423614 0.429628 -0.028255 0.273465 -0.109349 -0.294748 -0.456180 0.072566 0.376311 -0.143117 0.022678 0.059812 0.140775 0.243077 0.181095 -0.323160 -0.019220 0.010597 0.006267 -0.019541
GTAC -0.052671 0.182465 0.153309 0.018065 -0.014860 0.039982 0.789502 2.512418 1.532761 -1.435673 0.553531 -0.755467 -0.387276 0.126093 -0.335818 -1.573895 -0.179179 -0.070879 -0.143117 -1.129745 -0.982165 0.805759 -0.277573 0.530090 0.262568 -0.298019 -0.123619 0.031587 0.016223 0.026943
GTAC -0.024387 0.320634 0.169108 0.024676 -0.026899 0.052453 -0.291305 1.532761 3.700950 -2.166072 0.709675 -1.268453 -0.243487 0.322979 -0.472238 -1.587293 -0.309029 -0.046027 0.022678 -0.982165 -0.823814 0.703106 -0.169045 0.526552 0.110934 -0.290786 -0.128457 0.031644 0.014839 -0.066578
GTAC 0.081680 -0.210628 -0.112110 -0.008919 0.016702 -0.041250 0.027015 -1.435673 -2.166072 1.621451 -0.488121 0.833717 0.220349 -0.169585 0.378910 1.278890 0.174158 0.051635 0.059812 0.805759 0.703106 -0.577350 0.177793 -0.401089 -0.116244 0.180303 0.096310 -0.026119 -0.012754 0.039098
GTAC 0.191340 0.108547 0.057753 0.021589 -0.011745 0.023746 0.423614 0.553531 0.709675 -0.488121 0.374156 -0.080672 -0.045825 0.126072 -0.146501 -0.471231 -0.233858 0.022430 0.140775 -0.277573 -0.169045 0.177793 0.016791 0.206888 0.063799 -0.134339 -0.044165 0.014940 0.006936 -0.030248
GTAC 0.285719 -0.067851 -0.065051 0.008809 0.002458 -0.006034 0.429628 -0.755467 -1.268453 0.833717 -0.080672 0.828089 0.209929 -0.040088 0.125959 0.699366 -0.101788 0.078324 0.243077 0.530090 0.526552 -0.401089 0.206888 -0.169754 -0.064916 0.092777 0.055295 -0.010105 -0.004286 -0.028028
GTAC -0.018608 0.011104 -0.016565 0.002246 -0.001200 0.080379 -0.028255 -0.387276 -0.243487 0.220349 -0.045825 0.209929 0.231815 -0.000000 -0.000000 0.292236 0.000000 -0.000000 0.028255 0.387276 0.243487 -0.220349 0.045825 -0.209929 -0.018608 -0.011104 0.016565 0.002246 0.001200 -0.080379
GTAC 0.067286 -0.020179 0.031774 0.016919 -0.002243 -0.048313 0.273465 0.126093 0.322979 -0.169585 0.126072 -0.040088 -0.000000 0.417038 -0.197861 -0.000000 -0.164234 0.021046 0.273465 0.126093 0.322979 -0.169585 0.126072 -0.040088 -0.067286 -0.020179 0.031774 -0.016919 -0.002243 -0.048313
GTAC 0.108276 -0.052900 -0.025904 -0.025293 0.002892 -0.000839 -0.109349 -0.335818 -0.472238 0.378910 -0.146501 0.125959 0.000000 -0.197861 0.379227 0.000000 0.177900 0.052858 -0.109349 -0.335818 -0.472238 0.378910 -0.146501 0.125959 -0.108276 -0.052900 -0.025904 0.025293 0.002892 -0.000839
GTAC -0.034547 -0.277646 -0.258744 -0.042927 0.023331 -0.072054 -0.294748 -1.573895 -1.587293 1.278890 -0.471231 0.699366 0.292236 -0.000000 0.000000 1.830173 0.000000 -0.000000 0.294748 1.573895 1.587293 -1.278890 0.471231 -0.699366 -0.034547 0.277646 0.258744 -0.042927 -0.023331 0.072054
GTAC -0.051040 -0.003221 -0.012643 -0.015952 0.004404 -0.012019 -0.456180 -0.179179 -0.309029 0.174158 -0.233858 -0.101788 0.000000 -0.164234 0.177900 0.000000 0.345723 -0.010005 -0.456180 -0.179179 -0.309029 0.174158 -0.233858 -0.101788 0.051040 -0.003221 -0.012643 0.015952 0.004404 -0.012019
GTAC 0.135177 -0.023179 0.000775 -0.001287 -0.001021 -0.040263 0.072566 -0.070879 -0.046027 0.051635 0.022430 0.078324 0.000000 0.021046 0.052858 0.000000 -0.010005 0.088567 0.072566 -0.070879 -0.046027 0.051635 0.022430 0.078324 -0.135177 -0.023179 0.000775 0.001287 -0.001021 -0.040263
GTAC -0.181095 -0.323160 -0.019220 -0.010597 0.006267 -0.019541 0.376311 -0.143117 0.022678 0.059812 0.140775 0.243077 0.028255 0.273465 -0.109349 0.294748 -0.456180 0.072566 2.002920 0.789502 -0.291305 0.027015 0.423614 0.429628 -0.513866 0.198249 0.072015 -0.047327 -0.015383 0.014273
GTAC -0.262568 -0.298019 -0.123619 -0.031587 0.016223 0.026943 -0.143117 -1.129745 -0.982165 0.805759 -0.277573 0.530090 0.387276 0.126093 -0.335818 1.573895 -0.179179 -0.070879 0.789502 2.512418 1.532761 -1.435673 0.553531 -0.755467 0.052671 0.182465 0.153309 -0.018065 -0.014860 0.039982
GTAC -0.110934 -0.290786 -0.128457 -0.031644 0.014839 -0.066578 0.022678 -0.982165 -0.823814 0.703106 -0.169045 0.526552 0.243487 0.322979 -0.472238 1.587293 -0.309029 -0.046027 -0.291305 1.532761 3.700950 -2.166072 0.709675 -1.268453 0.024387 0.320634 0.169108 -0.024676 -0.026899 0.052453
GTAC 0.116244 0.180303 0.096310 0.026119 -0.012754 0.039098 0.059812 0.805759 0.703106 -0.577350 0.177793 -0.401089 -0.220349 -0.169585 0.378910 -1.278890 0.174158 0.051635 0.027015 -1.435673 -2.166072 1.621451 -0.488121 0.833717 -0.081680 -0.210628 -0.112110 0.008919 0.016702 -0.041250
GTAC -0.063799 -0.134339 -0.044165 -0.014940 0.006936 -0.030248 0.140775 -0.277573 -0.169045 0.177793 0.016791 0.206888 0.045825 0.126072 -0.146501 0.471231 -0.233858 0.022430 0.423614 0.553531 0.709675 -0.488121 0.374156 -0.080672 -0.191340 0.108547 0.057753 -0.021589 -0.011745 0.023746
GTAC 0.064916 0.092777 0.055295 0.010105 -0.004286 -0.028028 0.243077 0.530090 0.526552 -0.401089 0.206888 -0.169754 -0.209929 -0.040088 0.125959 -0.699366 -0.101788 0.078324 0.429628 -0.755467 -1.268453 0.833717 -0.080672 0.828089 -0.285719 -0.067851 -0.065051 -0.008809 0.002458 -0.006034
GTAC 0.335948 0.261299 -0.027282 -0.009190 0.005236 0.026685 0.181095 0.262568 0.110934 -0.116244 0.063799 -0.064916 -0.018608 -0.067286 -0.108276 -0.034547 0.051040 -0.135177 -0.513866 0.052671 0.024387 -0.081680 -0.191340 -0.285719 0.878668 -0.124729 0.017050 0.000467 -0.001249 0.096246
GTAC -0.261299 -0.075001 0.000453 0.000570 0.001627 -0.029785 -0.323160 -0.298019 -0.290786 0.180303 -0.134339 0.092777 -0.011104 -0.020179 -0.052900 0.277646 -0.003221 -0.023179 0.198249 0.182465 0.320634 -0.210628 0.108547 -0.067851 -0.124729 0.562102 0.010728 -0.008747 -0.005367 0.026595
GTAC 0.027282 0.000453 0.003402 0.003325 -0.000658 -0.018215 -0.019220 -0.123619 -0.128457 0.096310 -0.044165 0.055295 0.016565 0.031774 -0.025904 0.258744 -0.012643 0.000775 0.072015 0.153309 0.169108 -0.112110 0.057753 -0.065051 0.017050 0.010728 0.216220 -0.034634 -0.010962 0.020002
GTAC -0.009190 -0.000570 -0.003325 -0.003387 0.001062 0.002158 0.010597 0.031587 0.031644 -0.026119 0.014940 -0.010105 0.002246 -0.016919 0.025293 -0.042927 0.015952 0.001287 -0.047327 -0.018065 -0.024676 0.008919 -0.021589 -0.008809 0.000467 -0.008747 -0.034634 0.076820 0.009251 -0.006161
GTAC -0.005236 0.001627 -0.000658 -0.001062 0.000412 0.000824 0.006267 0.016223 0.014839 -0.012754 0.006936 -0.004286 0.001200 -0.002243 0.002892 -0.023331 0.004404 -0.001021 -0.015383 -0.014860 -0.026899 0.016702 -0.011745 0.002458 -0.001249 -0.005367 -0.010962 0.009251 0.014644 -0.005309
GTAC -0.026685 -0.029785 -0.018215 -0.002158 0.000824 0.008140 -0.019541 0.026943 -0.066578 0.039098 -0.030248 -0.028028 -0.080379 -0.048313 -0.000839 0.072054 -0.012019 -0.040263 0.014273 0.039982 0.052453 -0.041250 0.023746 -0.006034 0.096246 0.026595 0.020002 -0.006161 -0.005309 0.147181
ATAC 0.824178 0.070802 0.041904 0.015600 0.004485 -0.111768 0.623102 0.118003 0.117302 -0.047326 0.234785 0.267456 -0.047890 0.133008 0.051067 -0.157668 -0.123768 0.151501 -0.022528 -0.274427 -0.138731 0.136739 -0.030436 0.148986 0.222536 -0.229591 0.021564 -0.009601 -0.003505 -0.054194
ATAC 0.070802 0.496706 0.005421 0.000113 0.000498 0.039912 0.159141 0.030412 0.137114 -0.078376 0.037260 -0.022983 0.039257 -0.031078 -0.020896 -0.151219 0.017482 -0.036473 -0.257852 -0.167856 -0.231781 0.112809 -0.119340 0.046414 0.237954 -0.061712 0.008922 -0.005354 0.000180 -0.033519
ATAC 0.041904 0.005421 0.208165 0.028417 -0.000926 0.014786 0.114189 0.079185 0.115617 -0.051740 0.047284 -0.039988 -0.011001 0.057481 -0.016597 -0.198910 -0.010595 0.007033 -0.037314 -0.090285 -0.064092 0.054000 -0.030372 0.022707 -0.003379 -0.016708 0.005536 -0.001989 -0.000599 -0.018172
ATAC 0.015600 0.000113 0.028417 0.073767 -0.007236 0.000491 0.067656 0.008273 0.012765 0.003751 0.023656 0.017925 0.000542 0.025003 -0.021158 -0.032247 -0.020095 0.001180 -0.000462 -0.029040 -0.020304 0.021270 -0.009603 0.008154 -0.008172 -0.003738 0.001206 -0.002503 -0.000897 -0.002851
ATAC 0.004485 0.000498 -0.000926 -0.007236 0.013947 -0.002003 -0.014676 0.000133 -0.010592 0.002711 -0.006524 -0.001979 -0.001958 -0.003061 0.000111 0.003621 0.004374 -0.000949 -0.002729 0.003424 0.003632 -0.004822 0.001617 0.000028 0.008163 -0.000041 -0.000543 0.000831 0.000333 -0.000060
ATAC -0.111768 0.039912 0.014786 0.000491 -0.002003 0.146939 0.008283 0.068778 0.067324 -0.054985 0.027931 -0.009161 0.082246 -0.055524 -0.009816 -0.080188 -0.013427 -0.048223 -0.038224 0.020382 -0.056979 0.031284 -0.028957 -0.031244 0.037586 -0.028957 -0.020232 0.003280 0.001188 0.001614
ATAC 0.623102 0.159141 0.114189 0.067656 -0.014676 0.008283 2.693572 0.934997 -0.283524 0.004275 0.557370 0.625001 -0.034572 0.414237 -0.127720 -0.466666 -0.699513 0.135130 0.745290 -0.257151 0.034629 0.132020 0.263865 0.427086 -0.003379 -0.371227 -0.088092 0.020332 0.008484 -0.074225
ATAC 0.118003 0.030412 0.079185 0.008273 0.000133 0.068778 0.934997 2.511038 1.260941 -1.058508 0.543393 -0.429573 -0.310047 0.211300 -0.310178 -1.213185 -0.234415 -0.038457 -0.037231 -0.843431 -0.565125 0.525404 -0.166665 0.358907 0.290353 -0.265133 -0.134177 0.044371 0.012621 0.019596
ATAC 0.117302 0.137114 0.115617 0.012765 -0.010592 0.067324 -0.283524 1.260941 3.643990 -1.836234 0.769342 -1.056445 -0.185300 0.385309 -0.401790 -1.246873 -0.342781 -0.015588 0.102592 -0.757866 -0.432912 0.460398 -0.067081 0.378477 0.093965 -0.272178 -0.148075 0.049017 0.014560 -0.070376
ATAC -0.047326 -0.078376 -0.051740 0.003751 0.002711 -0.054985 0.004275 -1.058508 -1.836234 1.225249 -0.455697 0.613001 0.147858 -0.218718 0.306959 0.883121 0.173438 0.026794 0.029829 0.531465 0.325718 -0.317462 0.090886 -0.223481 -0.134156 0.175182 0.088702 -0.032438 -0.009587 0.037969
ATAC 0.234785 0.037260 0.047284 0.023656 -0.006524 0.027931 0.557370 0.543393 0.769342 -0.455697 0.431578 -0.017167 -0.037446 0.192283 -0.153148 -0.432825 -0.311108 0.043966 0.268379 -0.239166 -0.046305 0.123035 0.082470 0.211297 0.004172 -0.146551 -0.064030 0.021823 0.007246 -0.043520
ATAC 0.267456 -0.022983 -0.039988 0.017925 -0.001979 -0.009161 0.625001 -0.429573 -1.056445 0.613001 -0.017167 0.801083 0.178580 -0.030371 0.070154 0.466964 -0.192084 0.091385 0.343788 0.367675 0.376871 -0.268196 0.216732 -0.027181 -0.130732 0.058876 0.046886 -0.016907 -0.002728 -0.045042
ATAC -0.047890 0.039257 -0.011001 0.000542 -0.001958 0.082246 -0.034572 -0.310047 -0.185300 0.147858 -0.037446 0.178580 0.227447 -0.026298 -0.011958 0.219671 0.005573 -0.004940 -0.034490 0.319401 0.215274 -0.194162 0.030634 -0.196928 -0.022003 -0.023232 0.009638 0.002682 0.003433 -0.084392
ATAC 0.133008 -0.031078 0.057481 0.025003 -0.003061 -0.055524 0.414237 0.211300 0.385309 -0.218718 0.192283 -0.030371 -0.026298 0.441110 -0.169593 -0.157080 -0.188253 0.036957 0.248231 -0.056732 0.234677 -0.056873 0.100455 0.021084 -0.086346 -0.086966 -0.007899 -0.010167 0.000892 -0.058452
ATAC 0.051067 -0.020896 -0.016597 -0.021158 0.000111 -0.009816 -0.127720 -0.310178 -0.401790 0.306959 -0.153148 0.070154 -0.011958 -0.169593 0.351049 -0.027830 0.162017 0.050834 -0.005026 -0.310626 -0.547428 0.412873 -0.141360 0.177387 -0.153164 -0.002658 -0.012688 0.023625 0.003507 -0.001568
ATAC -0.157668 -0.151219 -0.198910 -0.032247 0.003621 -0.080188 -0.466666 -1.213185 -1.246873 0.883121 -0.432825 0.466964 0.219671 -0.157080 -0.027830 1.408417 0.063275 -0.030845 0.087851 1.206942 1.170393 -0.982955 0.337636 -0.541064 -0.012591 0.233835 0.249859 -0.052075 -0.019597 0.081356
ATAC -0.123768 0.017482 -0.010595 -0.020095 0.004374 -0.013427 -0.699513 -0.234415 -0.342781 0.173438 -0.311108 -0.192084 0.005573 -0.188253 0.162017 0.063275 0.438194 -0.039049 -0.577068 -0.086067 -0.303079 0.120595 -0.280625 -0.183898 0.114833 0.042226 0.012854 0.013888 0.004469 0.001562
